1605127172450 0.0 0
1605127195205 0.023521592738984045 100
1605127218541 0.03563935929034826 200
1605127241001 0.036623512614955216 300
1605127263511 0.03799909663530112 400
1605127286263 0.03938089239326792 500
1605127309029 0.042150782576164114 600
1605127331619 0.044846339896557466 700
1605127354544 0.047260427750223655 800
1605127377308 0.05002631990409059 900
1605127399784 0.05249942474991328 1000
1605127421841 0.05448235510613023 1100
1605127444011 0.057119750600588326 1200
1605127466493 0.06006649805030338 1300
1605127488996 0.06321955631324336 1400
1605127512392 0.06583474184043102 1500
1605127534854 0.06774212424291975 1600
1605127557647 0.07003645333277932 1700
1605127580218 0.07240216251510725 1800
1605127602352 0.07488911254309412 1900
1605127624746 0.0766182925961246 2000
1605127646946 0.07840939561185041 2100
1605127669092 0.08076721266329935 2200
1605127691129 0.08252909760935699 2300
1605127713679 0.08354819646923933 2400
1605127735776 0.08476806819945054 2500
1605127757748 0.0863142456936599 2600
1605127779837 0.08777222924010987 2700
1605127801910 0.08911487152653388 2800
1605127823902 0.09085150844409652 2900
1605127845889 0.09249091189965059 3000
1605127867879 0.09405915550823565 3100
1605127889872 0.09548186780434502 3200
1605127911800 0.09714978867793612 3300
1605127989033 0.14698604228015993 3400
1605128011172 0.15495817055931052 3500
1605128033150 0.1564433057889987 3600
1605128055117 0.1590736759873033 3700
1605128077072 0.1624281099166242 3800
1605128099059 0.161574697728564 3900
1605128121045 0.1622745013156702 4000
1605128143049 0.16318259803575771 4100
1605128165072 0.1630147285892776 4200
1605128187082 0.16751476993708603 4300
1605128209117 0.1682334525523816 4400
1605128231144 0.17011166923471507 4500
1605128253160 0.17251426001775058 4600
1605128275194 0.17438596223460598 4700
1605128297236 0.17552398214158574 4800
1605128319268 0.17843650842906797 4900
1605128341348 0.179869349047435 5000
1605128363473 0.18085601012787103 5100
1605128385493 0.18335850277987206 5200
1605128407519 0.18439602652007206 5300
1605128429548 0.185860287398716 5400
1605128451585 0.18674579590915444 5500
1605128473627 0.18889429158275411 5600
1605128495675 0.1902962570311515 5700
1605128517724 0.19185376016409894 5800
1605128539762 0.19231827487836767 5900
1605128561783 0.19340980086229614 6000
1605128583855 0.1949139104910082 6100
1605128605881 0.1968228203350171 6200
1605128627916 0.1983473629401609 6300
1605128649941 0.19990102828539144 6400
1605128671961 0.2015113239614359 6500
1605128693998 0.20205132582795635 6600
1605128771254 0.22407407407407404 6700
1605128793331 0.25812902616478695 6800
1605128815421 0.2664869452298987 6900
1605128837509 0.2592765521191874 7000
1605128860222 0.26264907413171945 7100
1605128882943 0.2608944744805162 7200
1605128905110 0.25911273528423895 7300
1605128927297 0.26379519678156055 7400
1605128949434 0.26274027746140793 7500
1605128971550 0.26216065319590137 7600
1605128993680 0.26362244670604473 7700
1605129015799 0.2641336220740494 7800
1605129038229 0.2629692042433867 7900
1605129061132 0.26459079657898366 8000
1605129083676 0.2651228598577533 8100
1605129106803 0.2662652721207734 8200
1605129129432 0.2669264837270398 8300
1605129153411 0.2683178417189038 8400
1605129177499 0.2687156888781361 8500
1605129201269 0.2691227469826292 8600
1605129223970 0.26953721620063936 8700
1605129247721 0.27133292818431626 8800
1605129271693 0.27310894033393035 8900
1605129294910 0.27430309185921004 9000
1605129317339 0.27534811579025453 9100
1605129339460 0.27661376310914826 9200
1605129361569 0.2773147167159949 9300
1605129383702 0.27786141141024184 9400
1605129405847 0.27771366908856887 9500
1605129427987 0.27927494561243227 9600
1605129450118 0.2798543695446301 9700
1605129472237 0.280848367077053 9800
1605129494355 0.2820980794872118 9900
1605129516474 0.28235594695558225 10000
1605129594288 0.31887683304349973 10100
1605129616369 0.3168201791161856 10200
1605129638407 0.30482119740197944 10300
1605129660473 0.31110519720439334 10400
1605129682551 0.31010373070309155 10500
1605129704610 0.31104159957828753 10600
1605129726674 0.3112203620006106 10700
1605129748870 0.31065598494630936 10800
1605129770923 0.31326839509070264 10900
1605129793008 0.31474375517130654 11000
1605129815088 0.31443330033896333 11100
1605129837376 0.31646680201659444 11200
1605129859422 0.31931620436340563 11300
1605129881449 0.3189478519834464 11400
1605129903496 0.3204461390442038 11500
1605129925550 0.3202203398896124 11600
1605129947545 0.31989585098137624 11700
1605129969540 0.320788223099107 11800
1605129991537 0.32048689182891454 11900
1605130013544 0.32097622402335657 12000
1605130035541 0.3222726900729749 12100
1605130057519 0.32214119698584376 12200
1605130079512 0.3223178035053615 12300
1605130101517 0.3228990119667721 12400
1605130123517 0.32458658772802745 12500
1605130145514 0.3247630278338893 12600
1605130167506 0.3251348697708781 12700
1605130189500 0.3261586092323646 12800
1605130211483 0.3273160615088346 12900
1605130233495 0.3278231318004901 13000
1605130255498 0.3284841501186818 13100
1605130277499 0.32821813752106915 13200
1605130299507 0.3285900167474649 13300
1605130376223 0.27037037037037037 13400
1605130398175 0.32261728968321485 13500
1605130420119 0.33500371357848086 13600
1605130442058 0.3377206356477247 13700
1605130463994 0.34134591480575344 13800
1605130485958 0.34920065835029973 13900
1605130507935 0.34497333015140785 14000
1605130529917 0.34367188772524104 14100
1605130551901 0.3475905734561696 14200
1605130573899 0.34589254659696167 14300
1605130595874 0.34746305617202733 14400
1605130617843 0.34740755854431576 14500
1605130639819 0.3490112510992131 14600
1605130661810 0.3489139594957279 14700
1605130683741 0.3502521159596495 14800
1605130705680 0.3513729970857229 14900
1605130727629 0.3503868748555652 15000
1605130749576 0.35109193937524036 15100
1605130771532 0.3520129700733659 15200
1605130793637 0.35454897186016626 15300
1605130815634 0.3555449900926319 15400
1605130837605 0.3568002118922319 15500
1605130859567 0.35742202659317185 15600
1605130881496 0.35839898089115135 15700
1605130903460 0.3593675170681572 15800
1605130925445 0.36043327097690986 15900
1605130947381 0.36134598471021767 16000
1605130969401 0.36175313279834664 16100
1605130991418 0.3615006856888871 16200
1605131013352 0.36155314187295934 16300
1605131035377 0.3625247052855525 16400
1605131057357 0.36264589511177453 16500
1605131079339 0.36362952969570816 16600
1605131101306 0.3640172416629441 16700
1605131178217 0.3872785547785548 16800
1605131200085 0.3944087611896527 16900
1605131222026 0.3814893255686171 17000
1605131243960 0.3776331623327813 17100
1605131265895 0.3824754500588584 17200
1605131287860 0.3828046714870718 17300
1605131309819 0.3805455533355762 17400
1605131331764 0.3795688329518997 17500
1605131353710 0.38031855257886404 17600
1605131375656 0.38425462571042046 17700
1605131397600 0.38484046279551204 17800
1605131419542 0.3852576097489309 17900
1605131441476 0.3860068555010529 18000
1605131463463 0.38923951295794734 18100
1605131485444 0.38981131603957514 18200
1605131507423 0.38933110434399154 18300
1605131529402 0.39078574320360576 18400
1605131551404 0.3926092640606072 18500
1605131573356 0.39313540633341537 18600
1605131595317 0.3940079153414458 18700
1605131617257 0.39550631873331976 18800
1605131639203 0.39563985252598477 18900
1605131661139 0.39544016948849464 19000
1605131683058 0.39534661180822517 19100
1605131704991 0.39629173056957906 19200
1605131726925 0.3965874375617577 19300
1605131748854 0.3977295384755283 19400
1605131770816 0.3988101913350168 19500
1605131792772 0.40045284511477874 19600
1605131814727 0.4006611811437868 19700
1605131836681 0.40083559261917145 19800
1605131858632 0.4013845871023026 19900
1605131880570 0.4020507378420633 20000
1605131957194 0.3746119929453263 20100
1605131979211 0.42594214649055384 20200
1605132001248 0.42020808656945957 20300
1605132023299 0.4217851413238532 20400
1605132045363 0.4164371744156219 20500
1605132067444 0.41632932263467176 20600
1605132089509 0.4104145888232744 20700
1605132111592 0.41157747513006565 20800
1605132133676 0.41566639369127467 20900
1605132155737 0.42024951836853597 21000
1605132177786 0.42086100880737665 21100
1605132199835 0.42140121007213355 21200
1605132221925 0.4233280589053817 21300
1605132243930 0.42453227838901614 21400
1605132265941 0.424773215911317 21500
1605132287937 0.4248977617116335 21600
1605132309938 0.42632428334891576 21700
1605132331947 0.42664255665674616 21800
1605132353959 0.4269941955365856 21900
1605132375958 0.42773193575010976 22000
1605132397968 0.42888087134669856 22100
1605132419997 0.42899215410553565 22200
1605132441996 0.4308352090394888 22300
1605132464025 0.4307369152609026 22400
1605132486040 0.4302349075133477 22500
1605132508055 0.430746814371502 22600
1605132530076 0.4312206897562384 22700
1605132552092 0.43111383876175907 22800
1605132574099 0.4316627783607866 22900
1605132596107 0.4328454973369964 23000
1605132618122 0.4324911317978815 23100
1605132640120 0.4334618467273972 23200
1605132662125 0.43455571472239957 23300
1605132684115 0.4354457780484872 23400
1605132761266 0.4463112994485543 23500
1605132783449 0.4558082443933931 23600
1605132805614 0.4543089695558751 23700
1605132827788 0.4502104930816262 23800
1605132849967 0.45108002483705784 23900
1605132872141 0.45250848695755763 24000
1605132894319 0.4539567111055515 24100
1605132916493 0.4521214065001515 24200
1605132938674 0.4533930850742779 24300
1605132960817 0.45442436924018054 24400
1605132982968 0.4542117281320618 24500
1605133005114 0.45434817084411216 24600
1605133027261 0.45526003527060827 24700
1605133049411 0.45701577668172627 24800
1605133071555 0.4559335283825779 24900
1605133093695 0.45800290480838124 25000
1605133115831 0.4582656071179458 25100
1605133137961 0.45992987411629693 25200
1605133160121 0.46006448625920604 25300
1605133182330 0.4602871796033724 25400
1605133204534 0.459739892383244 25500
1605133226741 0.46042896999735594 25600
1605133248895 0.4609446191291825 25700
1605133271010 0.4614259617408147 25800
1605133293182 0.46078042443447204 25900
1605133315385 0.4610416596193005 26000
1605133337558 0.4613931068189531 26100
1605133359742 0.4622042252912465 26200
1605133381909 0.46301925579209385 26300
1605133404037 0.4637355585727368 26400
1605133426162 0.4640786102047426 26500
1605133448318 0.4640525577137864 26600
1605133470447 0.4640256183602975 26700
1605133547562 0.5351058201058202 26800
1605133569692 0.49269178276495484 26900
1605133591829 0.476129810973457 27000
1605133613966 0.4776160503791977 27100
1605133636111 0.4760796999343034 27200
1605133658254 0.4778893383020929 27300
1605133680392 0.47851414963484784 27400
1605133702538 0.4826681298262982 27500
1605133724686 0.4811497326721756 27600
1605133746840 0.47879854780864906 27700
1605133769035 0.480080836076397 27800
1605133791176 0.48063633582141585 27900
1605133813321 0.4814715154075043 28000
1605133835467 0.4817445982359298 28100
1605133857620 0.48181275496624204 28200
1605133879788 0.4818554126622573 28300
1605133901940 0.48269298547630574 28400
1605133924081 0.4817491948549505 28500
1605133946251 0.4815190815230386 28600
1605133968441 0.48055461904034436 28700
1605133990618 0.48191273276805713 28800
1605134012800 0.4815125913279613 28900
1605134034962 0.48253135296585487 29000
1605134057110 0.4829482895274946 29100
1605134079285 0.4826007118001945 29200
1605134101474 0.4827422616225601 29300
1605134123649 0.4840988546841771 29400
1605134145790 0.4839440995598779 29500
1605134167968 0.48372961016201005 29600
1605134190148 0.48319548327900685 29700
1605134212344 0.4827771837303396 29800
1605134234522 0.4833939580775853 29900
1605134256700 0.4849407191752152 30000
1605134278864 0.48511055798405006 30100
1605134356048 0.5056918703167412 30200
1605134378182 0.5003995749920844 30300
1605134400272 0.5011751320949306 30400
1605134422367 0.5064237402925587 30500
1605134444448 0.5046635560594451 30600
1605134466600 0.5030131529351949 30700
1605134488751 0.5011939663123042 30800
1605134510837 0.49875286426510546 30900
1605134532936 0.49646720569299213 31000
1605134555024 0.49657607647825697 31100
1605134577122 0.4947929497424592 31200
1605134599227 0.49744753708726347 31300
1605134621312 0.4989746169393409 31400
1605134643402 0.49944974695263045 31500
1605134665500 0.5000312507687008 31600
1605134687598 0.5004204806626029 31700
1605134709679 0.49952467801620076 31800
1605134731783 0.4992426137462515 31900
1605134753863 0.4991785633106015 32000
1605134775970 0.49896015930462484 32100
1605134798113 0.4993683258557376 32200
1605134820201 0.49870318319795826 32300
1605134842263 0.49919789775930534 32400
1605134864360 0.5003885566597723 32500
1605134886483 0.5005361688347562 32600
1605134908613 0.5005261389995007 32700
1605134930731 0.5017368174198308 32800
1605134952782 0.5026338583786737 32900
1605134974838 0.5018317331843151 33000
1605134996904 0.5017128894304258 33100
1605135018982 0.5018885372626947 33200
1605135041054 0.502341693907177 33300
1605135063111 0.501912949970031 33400
1605135140448 0.5225837742504409 33500
1605135162620 0.5217916351708762 33600
1605135184775 0.5288653873574947 33700
1605135206945 0.5177219028177221 33800
1605135229116 0.5195791377332261 33900
1605135251288 0.5210024996765911 34000
1605135273443 0.517082204739631 34100
1605135295612 0.5173655812529401 34200
1605135317763 0.5169014702351651 34300
1605135339923 0.5176402622414648 34400
1605135362042 0.5195480413658266 34500
1605135384166 0.519346396709619 34600
1605135406314 0.519686993868314 34700
1605135428466 0.5186137406205533 34800
1605135450619 0.5180782495772366 34900
1605135472743 0.5185432230764712 35000
1605135494860 0.5181447513314693 35100
1605135516963 0.5188940137250366 35200
1605135539065 0.5177971603038666 35300
1605135561187 0.5191111759941703 35400
1605135583306 0.5188411662291071 35500
1605135605387 0.5193126629686985 35600
1605135627469 0.5207292407400094 35700
1605135649571 0.5213657456817664 35800
1605135671703 0.5219721228729696 35900
1605135693796 0.5216272875511581 36000
1605135715928 0.5207025441978295 36100
1605135738080 0.5202299040068442 36200
1605135760225 0.5196950406677341 36300
1605135782319 0.5197054458533052 36400
1605135804406 0.5201824040443418 36500
1605135826500 0.5203905657243584 36600
1605135848587 0.5204242080798563 36700
1605135870681 0.5194868905558261 36800
1605135947727 0.499592687250066 36900
1605135969826 0.4981056330886623 37000
1605135991946 0.5022603599359498 37100
1605136014136 0.515306841366739 37200
1605136036321 0.5156345466348378 37300
1605136058483 0.518667096073927 37400
1605136080675 0.5198235285337575 37500
1605136102904 0.5266633917156688 37600
1605136125086 0.5260881320373301 37700
1605136147262 0.528747790513316 37800
1605136169502 0.5287463070193753 37900
1605136191716 0.5289225074490818 38000
1605136213926 0.5286220751704568 38100
1605136236128 0.5288406466016626 38200
1605136258316 0.5301431666227658 38300
1605136280529 0.5303350280158904 38400
1605136302722 0.5305339159510696 38500
1605136324892 0.5300806372971391 38600
1605136347036 0.5287381550136028 38700
1605136369208 0.530280542011585 38800
1605136391395 0.5310613792947361 38900
1605136413572 0.530193499979693 39000
1605136435689 0.5299706359668716 39100
1605136457817 0.5282319020934436 39200
1605136479925 0.5292577604017111 39300
1605136502012 0.5293667171254717 39400
1605136524126 0.5296883197286989 39500
1605136546228 0.5298189547407579 39600
1605136568346 0.5302590166500275 39700
1605136590500 0.5312411497840931 39800
1605136612654 0.5324433327194863 39900
1605136634767 0.5323917980799774 40000
1605136656862 0.5325363820381351 40100
1605136733762 0.571754048420715 40200
1605136755928 0.5253225638192848 40300
1605136778093 0.5334824737593803 40400
1605136800227 0.534200818629684 40500
1605136822355 0.5349449844076886 40600
1605136844481 0.5296611182853385 40700
1605136866591 0.5316545011270414 40800
1605136888710 0.5332216123667205 40900
1605136910813 0.5375995264194561 41000
1605136932915 0.5358962410544533 41100
1605136955030 0.5351451056199622 41200
1605136977229 0.5344082032204815 41300
1605136999387 0.5372228391836863 41400
1605137021484 0.5391491486634211 41500
1605137043599 0.5420676068973633 41600
1605137065694 0.5436117970401906 41700
1605137087790 0.5435319141279908 41800
1605137109905 0.5443085158480284 41900
1605137132089 0.544667896569694 42000
1605137154234 0.5449943719358685 42100
1605137176341 0.5436359294934789 42200
1605137198501 0.5440963526430965 42300
1605137220672 0.5431761949544045 42400
1605137242823 0.5430068068940411 42500
1605137264980 0.5432942934613723 42600
1605137287148 0.5423573316301131 42700
1605137309270 0.5424926314411603 42800
1605137331389 0.5427048301911982 42900
1605137353489 0.5431225978371916 43000
1605137375566 0.5437977062583043 43100
1605137397656 0.5435149216308851 43200
1605137419773 0.5431610742773725 43300
1605137441886 0.5434742325152189 43400
1605137464005 0.5433000998359432 43500
1605137541153 0.5456832763023591 43600
1605137563226 0.5445601563175507 43700
1605137585326 0.5513146840019476 43800
1605137607403 0.5423202319378959 43900
1605137629481 0.5482054099126108 44000
1605137651564 0.5510271606857136 44100
1605137673648 0.5540677574615457 44200
1605137695733 0.556305565163522 44300
1605137717813 0.5572482635596891 44400
1605137739892 0.559813489536188 44500
1605137761972 0.5585058250021693 44600
1605137784056 0.5611253921437731 44700
1605137806126 0.5594755788328647 44800
1605137828204 0.5599426299093538 44900
1605137850280 0.5590990786859266 45000
1605137872391 0.5595439184782981 45100
1605137894512 0.5589342642814025 45200
1605137916594 0.5589227868443705 45300
1605137938709 0.5584504518137204 45400
1605137960870 0.5587299887282394 45500
1605137982994 0.5591522753060406 45600
1605138005120 0.5583187158384859 45700
1605138027277 0.5586113714807488 45800
1605138049406 0.5593953071976384 45900
1605138071536 0.5590772416191733 46000
1605138093634 0.5587004387007914 46100
1605138115754 0.5584537254539582 46200
1605138137896 0.5580741176073982 46300
1605138159979 0.5574076878668284 46400
1605138182064 0.5566794869668903 46500
1605138204169 0.5570082213774262 46600
1605138226307 0.5573375705192796 46700
1605138248435 0.5577758117938859 46800
1605138325568 0.587401199018846 46900
1605138347732 0.5537168753023181 47000
1605138369876 0.5657949892822637 47100
1605138392038 0.5633568788672061 47200
1605138414216 0.5576964233413134 47300
1605138436365 0.5558969456140976 47400
1605138458459 0.5571269052432976 47500
1605138480567 0.5544152161641807 47600
1605138502679 0.5562600784417278 47700
1605138524778 0.5555114930115881 47800
1605138546879 0.5619734121879336 47900
1605138568979 0.5605638301100304 48000
1605138591107 0.5595525837265448 48100
1605138613224 0.558146351238555 48200
1605138635320 0.558207508082843 48300
1605138657458 0.5592299150555764 48400
1605138679622 0.5601289515870584 48500
1605138701763 0.5594523496631388 48600
1605138723902 0.5593245224524988 48700
1605138746062 0.5594313117790094 48800
1605138768262 0.5588040454550348 48900
1605138790402 0.5575633922134976 49000
1605138812521 0.5576707304912175 49100
1605138834665 0.5582417369769676 49200
1605138856801 0.5592125587119553 49300
1605138878907 0.559452753857937 49400
1605138901012 0.5596991713062457 49500
1605138923108 0.5599355085343547 49600
1605138945223 0.5592454675926118 49700
1605138967358 0.5591976577182839 49800
1605138989496 0.5599507674509359 49900
1605139011644 0.5599536887676563 50000
1605139033765 0.5592670164044209 50100
1605139055890 0.5600569801026531 50200
1605139133144 0.5493806399043757 50300
1605139155253 0.5703164562168758 50400
1605139177393 0.570792089500644 50500
1605139199523 0.5617160705943725 50600
1605139221667 0.5612596521941472 50700
1605139243789 0.5597408134702331 50800
1605139265904 0.5608159789515667 50900
1605139288011 0.5610796007188662 51000
1605139310139 0.5622488967078423 51100
1605139332299 0.5618561391615899 51200
1605139354434 0.5639365420422576 51300
1605139376579 0.5628034305306077 51400
1605139398706 0.5634854140528651 51500
1605139420815 0.5649234421941552 51600
1605139443007 0.5660963240785116 51700
1605139465161 0.5675862680767028 51800
1605139487309 0.5690269169431262 51900
1605139509457 0.5699497349173706 52000
1605139531606 0.5710979106352173 52100
1605139553747 0.5714010431767855 52200
1605139575917 0.570419184146986 52300
1605139598008 0.5696597016970043 52400
1605139620112 0.5687687525865597 52500
1605139642221 0.5681408364907848 52600
1605139664331 0.5680868218467909 52700
1605139686416 0.5688019183843449 52800
1605139708504 0.5692408376825143 52900
1605139730590 0.5684663446624102 53000
1605139752678 0.567917476251807 53100
1605139774764 0.569203869396714 53200
1605139796854 0.5694479609600412 53300
1605139818938 0.5689153827703677 53400
1605139841032 0.5692028766864549 53500
1605139917764 0.5864602681269347 53600
1605139939852 0.5659964879487009 53700
1605139961915 0.5835476258584689 53800
1605139984007 0.5868489011914624 53900
1605140006174 0.5809474330258272 54000
1605140028290 0.5786911002259305 54100
1605140050402 0.580798626174066 54200
1605140072528 0.5790642995524817 54300
1605140094661 0.579883790760739 54400
1605140116796 0.5795762422566282 54500
1605140138907 0.5790353102337343 54600
1605140161042 0.577934730905286 54700
1605140183176 0.5788290018790454 54800
1605140205288 0.5775091827930594 54900
1605140227417 0.5796438913051982 55000
1605140249577 0.5790100648229172 55100
1605140271658 0.5783748939022955 55200
1605140293735 0.5778162182818611 55300
1605140315807 0.5787835535953149 55400
1605140337866 0.5767383057728914 55500
1605140359920 0.5778563082164108 55600
1605140381978 0.5779126571612296 55700
1605140404055 0.5801887621723048 55800
1605140426175 0.5807051765470661 55900
1605140448267 0.5809174286596313 56000
1605140470364 0.5808505869966285 56100
1605140492467 0.5804874059974631 56200
1605140514575 0.5800548896654422 56300
1605140536710 0.5794961175308603 56400
1605140558900 0.5797775185171937 56500
1605140581025 0.580020018033061 56600
1605140603107 0.5807262629508297 56700
1605140625178 0.5805649319978365 56800
1605140702528 0.16666666666666666 56900
1605140724673 0.5985700322159662 57000
1605140746815 0.587747101361577 57100
1605140768956 0.5886926142656045 57200
1605140791061 0.5786863139782551 57300
1605140813137 0.5775384690147636 57400
1605140835219 0.5763741818540673 57500
1605140857378 0.5764402619546944 57600
1605140879527 0.5758644033655627 57700
1605140901631 0.5772804887074825 57800
1605140923652 0.5789879363689528 57900
1605140945679 0.5814973222276105 58000
1605140967712 0.580409628496841 58100
1605140989753 0.581897853906499 58200
1605141011814 0.5809376395796879 58300
1605141033872 0.58069233590008 58400
1605141055928 0.5814065524609261 58500
1605141078055 0.5810155978924061 58600
1605141100182 0.5827703654397677 58700
1605141122342 0.5811107640722046 58800
1605141144500 0.5816619003054601 58900
1605141166662 0.5810816296386682 59000
1605141188838 0.5808970955262686 59100
1605141210974 0.5810739815486017 59200
1605141233095 0.5815156234554009 59300
1605141255220 0.5814537186207337 59400
1605141277346 0.5815995489000632 59500
1605141299441 0.5810069523978354 59600
1605141321590 0.5805030297038729 59700
1605141343737 0.580761479877864 59800
1605141365878 0.5810682847660874 59900
1605141388003 0.5808893998329414 60000
1605141410137 0.5811424118121806 60100
1605141432280 0.5816862249401846 60200
1605141509148 0.580803702470369 60300
1605141531340 0.5990279353702843 60400
1605141553504 0.5962901057697462 60500
1605141575674 0.5978566853254339 60600
1605141597739 0.5926758204977689 60700
1605141619839 0.5961070415162814 60800
1605141641921 0.5918737636134457 60900
1605141663985 0.5897287447269255 61000
1605141686172 0.5918726479968517 61100
1605141708215 0.5940700742058695 61200
1605141730259 0.5941406935597744 61300
1605141752316 0.5942198203013114 61400
1605141774485 0.593878134319027 61500
1605141796619 0.5945814582473085 61600
1605141818722 0.5947257963882209 61700
1605141840859 0.5953496900286642 61800
1605141863005 0.5956002227214363 61900
1605141885089 0.5950586882045031 62000
1605141907160 0.5957960808151549 62100
1605141929223 0.5954164728239163 62200
1605141951287 0.5952456998896966 62300
1605141973394 0.595161037913085 62400
1605141995502 0.5948965633025537 62500
1605142017582 0.5947746584983107 62600
1605142039635 0.5947114771340696 62700
1605142061677 0.5939448955731492 62800
1605142083711 0.594395803813883 62900
1605142105762 0.5926662923897398 63000
1605142127806 0.5917845818242906 63100
1605142149837 0.592073459778811 63200
1605142171862 0.5923220345650088 63300
1605142193881 0.592653913581147 63400
1605142215988 0.5921917289963378 63500
1605142293125 0.45 63600
1605142315222 0.6019718581639596 63700
1605142337315 0.6000485915648174 63800
1605142359415 0.6054227108723815 63900
1605142381530 0.5990694721068264 64000
1605142403677 0.5977982654137635 64100
1605142425828 0.6004131987179676 64200
1605142447969 0.6039873270028638 64300
1605142470109 0.6046299093137176 64400
1605142492245 0.6049478897971283 64500
1605142514423 0.6035919952431147 64600
1605142536545 0.6029958824106738 64700
1605142558672 0.6039091405067237 64800
1605142580785 0.6028377933286957 64900
1605142602904 0.6015564467061528 65000
1605142625027 0.5994118884283642 65100
1605142647154 0.5993183674152109 65200
1605142669264 0.6008192416635814 65300
1605142691383 0.6004929771339534 65400
1605142713500 0.6006622995107669 65500
1605142735608 0.600592786609123 65600
1605142757735 0.5981411594337064 65700
1605142779877 0.5978335548942263 65800
1605142802012 0.5988926217768714 65900
1605142824144 0.5989336881012166 66000
1605142846280 0.5982186604898512 66100
1605142868365 0.5980963794952712 66200
1605142890441 0.5987335235081862 66300
1605142912547 0.5984644796330428 66400
1605142934644 0.597758924700363 66500
1605142956737 0.5967685689312525 66600
1605142978820 0.5974461471809885 66700
1605143000942 0.5975885112959162 66800
1605143023025 0.5978961225212455 66900
1605143100227 0.6097995714868779 67000
1605143122300 0.60411056827973 67100
1605143144432 0.5974557826140042 67200
1605143166572 0.6001702544482908 67300
1605143188759 0.5999192369060445 67400
1605143210944 0.6031802932254404 67500
1605143233102 0.6015196151278629 67600
1605143255246 0.600323507669702 67700
1605143277368 0.6037156117163507 67800
1605143299495 0.6043622491013463 67900
1605143321611 0.6052969911548781 68000
1605143343724 0.6047302623335902 68100
1605143365833 0.6069461828117065 68200
1605143387942 0.6067604897175768 68300
1605143410057 0.6091732713651002 68400
1605143432147 0.6078817679000147 68500
1605143454255 0.6086667572004774 68600
1605143476392 0.607618589355799 68700
1605143498521 0.6087295670375202 68800
1605143520646 0.6091045162341217 68900
1605143542724 0.6089025544066113 69000
1605143564818 0.6091742565257648 69100
1605143586968 0.6097620389514491 69200
1605143609111 0.6086328902053886 69300
1605143631283 0.6090047152926438 69400
1605143653445 0.6080052873426497 69500
1605143675600 0.60815940179778 69600
1605143697761 0.6088487062924139 69700
1605143719927 0.6090912056130222 69800
1605143742088 0.6087590989683526 69900
1605143764219 0.6075547959745126 70000
1605143786341 0.6076717804677291 70100
1605143808446 0.6068531700845581 70200
1605143885560 0.5632275132275132 70300
1605143907729 0.6134271424555571 70400
1605143929752 0.6138630109951869 70500
1605143951772 0.6182288295852026 70600
1605143973781 0.6107896583355436 70700
1605143995802 0.615853757191095 70800
1605144017822 0.6153565696748176 70900
1605144039848 0.6124198704806734 71000
1605144061897 0.6135150228128035 71100
1605144083933 0.6139253662327009 71200
1605144105969 0.6158339981197831 71300
1605144127997 0.6155397594094484 71400
1605144150011 0.6180757882421462 71500
1605144172103 0.6176021582630195 71600
1605144194236 0.6175454570849438 71700
1605144216303 0.6176207769757711 71800
1605144238327 0.6174192326132426 71900
1605144260338 0.6162979510470763 72000
1605144282336 0.6156699413830458 72100
1605144304343 0.6153029857059984 72200
1605144326353 0.6145384462943703 72300
1605144348358 0.6138052928362221 72400
1605144370360 0.613866978555428 72500
1605144392368 0.6131313124727592 72600
1605144414375 0.6135050117876044 72700
1605144436400 0.6129592092184996 72800
1605144458401 0.6136292843346005 72900
1605144480412 0.6144436014505236 73000
1605144502448 0.6145774856668805 73100
1605144524524 0.6154187607212948 73200
1605144546604 0.6158031346086845 73300
1605144568681 0.6160649623329155 73400
1605144590759 0.615003214173224 73500
1605144612847 0.6143043221440084 73600
1605144690209 0.6196448355375084 73700
1605144712238 0.6157617730562401 73800
1605144734283 0.6216427807905635 73900
1605144756341 0.6174805749858758 74000
1605144778386 0.6218613564671553 74100
1605144800419 0.6196540377241712 74200
1605144822464 0.6158268876461774 74300
1605144844491 0.6158954388718728 74400
1605144866521 0.6179805507446553 74500
1605144888602 0.6175281298815367 74600
1605144910683 0.6190213156990596 74700
1605144932740 0.6201582636717092 74800
1605144954792 0.6211605638859646 74900
1605144976842 0.6221477086826275 75000
1605144998891 0.6220013665985217 75100
1605145020942 0.6228453225934383 75200
1605145042994 0.6219274580805717 75300
1605145065051 0.6218080922897921 75400
1605145087092 0.6219821179625074 75500
1605145109136 0.6219025703888735 75600
1605145131185 0.6224110152393347 75700
1605145153221 0.6214337787224486 75800
1605145175264 0.620469550121386 75900
1605145197304 0.6210923168320897 76000
1605145219344 0.6206486304488638 76100
1605145241394 0.6215905119496976 76200
1605145263430 0.6206772208697277 76300
1605145285466 0.6202236183996676 76400
1605145307506 0.6202138575235838 76500
1605145329543 0.6203154030825008 76600
1605145351585 0.6206412517121304 76700
1605145373614 0.6203079187269253 76800
1605145395643 0.6194833421057058 76900
1605145473185 0.658994708994709 77000
1605145495215 0.6233676969340881 77100
1605145517254 0.6384817874133538 77200
1605145539328 0.6400980645247067 77300
1605145561384 0.633519070845331 77400
1605145583458 0.6352394347357067 77500
1605145605514 0.6367132691462958 77600
1605145627557 0.6314888651302556 77700
1605145649605 0.6310608110550091 77800
1605145671642 0.6279615210784044 77900
1605145693684 0.6285779280882645 78000
1605145715737 0.6275369040071099 78100
1605145737774 0.6250460996511603 78200
1605145759816 0.6263808947178883 78300
1605145781867 0.6282544485041311 78400
1605145803915 0.6279066320838756 78500
1605145825960 0.6276094581847735 78600
1605145847993 0.6280075762182736 78700
1605145870029 0.6270252637451975 78800
1605145892109 0.627883961426947 78900
1605145914166 0.6269949722529636 79000
1605145936243 0.6263436436999419 79100
1605145958298 0.6270226068514816 79200
1605145980334 0.627323551119948 79300
1605146002388 0.6281237252527947 79400
1605146024495 0.6281946326712955 79500
1605146046560 0.6276635734335305 79600
1605146068626 0.6276012010756638 79700
1605146090688 0.6268441135471213 79800
1605146112818 0.6259847876604879 79900
1605146134858 0.6258248728161324 80000
1605146156889 0.6247477294097512 80100
1605146178908 0.6244194123141439 80200
1605146200936 0.6249457582906475 80300
1605146278076 0.6333254545401087 80400
1605146300148 0.6338246397121448 80500
1605146322223 0.6292777315975486 80600
1605146344303 0.623992503450788 80700
1605146366401 0.6259898177053771 80800
1605146388492 0.625934941398491 80900
1605146410588 0.6252932410953069 81000
1605146432674 0.6281946860009482 81100
1605146454755 0.6259947633911088 81200
1605146476840 0.6274084542884018 81300
1605146498924 0.6279682466847596 81400
1605146521010 0.626480424845935 81500
1605146543095 0.6280962122251249 81600
1605146565178 0.6264729174599367 81700
1605146587267 0.6261028647735952 81800
1605146609418 0.6264486154410618 81900
1605146631557 0.6260609670555153 82000
1605146653659 0.627624279947406 82100
1605146675757 0.6264817406520892 82200
1605146697854 0.6274352103276056 82300
1605146719973 0.6278738890485372 82400
1605146742076 0.6274813647295799 82500
1605146764216 0.6278547369728932 82600
1605146786345 0.6283668796406258 82700
1605146808461 0.6286717639141051 82800
1605146830541 0.6285333725313169 82900
1605146852651 0.6294712000518154 83000
1605146874783 0.6296572453230506 83100
1605146896902 0.6293719688335325 83200
1605146919038 0.6295419107930342 83300
1605146941158 0.6294231879457513 83400
1605146963293 0.6288485874860312 83500
1605146985385 0.6297121304267436 83600
1605147062398 0.5904850088183422 83700
1605147084505 0.6423197769075124 83800
1605147106616 0.6373809723866487 83900
1605147128717 0.6422859871527711 84000
1605147150771 0.6418342724694216 84100
1605147172824 0.6370311217278186 84200
1605147194892 0.6387591794193506 84300
1605147216956 0.6401662896517556 84400
1605147239034 0.6439811298196554 84500
1605147261105 0.6418235880776978 84600
1605147283212 0.6434029856156923 84700
1605147305314 0.6433489392982022 84800
1605147327418 0.6419091691369676 84900
1605147349541 0.6430341899560434 85000
1605147371621 0.6429848469229374 85100
1605147393689 0.6398163439683788 85200
1605147415751 0.6407631667800059 85300
1605147437811 0.6398622706933939 85400
1605147459854 0.6391185952797307 85500
1605147481910 0.6397358465119923 85600
1605147503952 0.6408185167894094 85700
1605147525993 0.6403406182076995 85800
1605147548043 0.64058380528244 85900
1605147570095 0.6397043917059517 86000
1605147592144 0.640491364785515 86100
1605147614234 0.6412289979082177 86200
1605147636334 0.6401661552996194 86300
1605147658422 0.6395898269280124 86400
1605147680488 0.6387079673103189 86500
1605147702528 0.638376966650432 86600
1605147724569 0.6373791556148214 86700
1605147746633 0.637124567558635 86800
1605147768677 0.6372061823404374 86900
1605147790786 0.6370626289595476 87000
1605147867726 0.6388467960010787 87100
1605147889819 0.630971141007137 87200
1605147911908 0.6443894538041961 87300
1605147934010 0.6368252947586853 87400
1605147956103 0.6436700774880845 87500
1605147978186 0.6410503242409489 87600
1605148000323 0.640617495567144 87700
1605148022415 0.6432064018064858 87800
1605148044532 0.6428970964439522 87900
1605148066652 0.6413250875318083 88000
1605148088762 0.6423030779424898 88100
1605148110857 0.6403146768023802 88200
1605148133006 0.6403312257821978 88300
1605148155103 0.640776651736678 88400
1605148177198 0.6401433115927243 88500
1605148199297 0.6418255109204476 88600
1605148221377 0.6403657196778786 88700
1605148243462 0.64052952450177 88800
1605148265553 0.6403999051858852 88900
1605148287645 0.640714213015819 89000
1605148309720 0.6413919566378163 89100
1605148331812 0.6409996182511936 89200
1605148353946 0.6409802345195457 89300
1605148376057 0.6412182896350312 89400
1605148398177 0.6417087880720788 89500
1605148420256 0.6408357799618016 89600
1605148442337 0.639732871307727 89700
1605148464421 0.6392671551641612 89800
1605148486498 0.6397471957176581 89900
1605148508605 0.639304393301563 90000
1605148530743 0.6391803835613546 90100
1605148552905 0.6390207178524998 90200
1605148575026 0.6390965116665582 90300
1605148652310 0.6938520121853455 90400
1605148674443 0.6339136932487666 90500
1605148696538 0.6294490295527078 90600
1605148718660 0.6392695387156356 90700
1605148740811 0.6434919456916602 90800
1605148763040 0.6438065161999285 90900
1605148785242 0.6436902939526022 91000
1605148807421 0.6462020915835722 91100
1605148829624 0.6484258650473178 91200
1605148851796 0.6461201935535158 91300
1605148873936 0.6448319655826851 91400
1605148896101 0.6473277108302001 91500
1605148918272 0.6463799145321003 91600
1605148940421 0.6455367311203809 91700
1605148962521 0.6451998140904748 91800
1605148984698 0.6454133090076996 91900
1605149006883 0.6452380952868395 92000
1605149029059 0.6446711560827555 92100
1605149051236 0.6456605641689878 92200
1605149073389 0.6460883851307103 92300
1605149095540 0.6472266808080565 92400
1605149117714 0.6465322181837472 92500
1605149139912 0.646347440065981 92600
1605149162077 0.6464310463592985 92700
1605149184225 0.6457735236651945 92800
1605149206373 0.6449758422334823 92900
1605149228513 0.6446963100430426 93000
1605149250657 0.6447818128753112 93100
1605149272806 0.6448312477359579 93200
1605149294947 0.6447212657437148 93300
1605149317097 0.6444473527631476 93400
1605149339252 0.644532858752713 93500
1605149361381 0.6442293427703893 93600
1605149383520 0.643540405123043 93700
1605149460974 0.6660998678155542 93800
1605149483067 0.6503104594121742 93900
1605149505153 0.6488342491486254 94000
1605149527262 0.647300693643074 94100
1605149549396 0.6420925789788708 94200
1605149571565 0.6413796309691453 94300
1605149593734 0.643199336698387 94400
1605149615849 0.6459509085276256 94500
1605149637984 0.6461541858634458 94600
1605149660104 0.6458208788836431 94700
1605149682232 0.6489386298711126 94800
1605149704349 0.6513566976823604 94900
1605149726475 0.6507507227096713 95000
1605149748627 0.6515850911879097 95100
1605149770793 0.6523084020278955 95200
1605149792897 0.6528163616483614 95300
1605149815009 0.6513361289503478 95400
1605149837129 0.6529038161522537 95500
1605149859277 0.6513367734382578 95600
1605149881421 0.650380132364264 95700
1605149903525 0.6500701622942006 95800
1605149925628 0.6493175464600397 95900
1605149947733 0.6493234691114742 96000
1605149969845 0.6504696753179672 96100
1605149991970 0.6513904618218278 96200
1605150014131 0.6515370799804546 96300
1605150036300 0.6518498014364936 96400
1605150058420 0.6513200847731677 96500
1605150080579 0.6519292807271325 96600
1605150102724 0.6519963447271963 96700
1605150124851 0.6519132845743344 96800
1605150146986 0.6521767326288191 96900
1605150169126 0.6523831387980826 97000
1605150246600 0.6604433221099888 97100
1605150268759 0.6769221156857026 97200
1605150290831 0.6762271910771229 97300
1605150312905 0.6668760187607251 97400
1605150334976 0.6642083428078686 97500
1605150357043 0.6617441768363002 97600
1605150379212 0.6642695076568482 97700
1605150401268 0.6615813072074219 97800
1605150423344 0.6603523429804651 97900
1605150445418 0.6613728131583745 98000
1605150467483 0.6629939432167342 98100
1605150489554 0.6620638148165002 98200
1605150511632 0.6619618258740816 98300
1605150533719 0.6605245137518353 98400
1605150555838 0.6587995172082727 98500
1605150577935 0.6573132788124187 98600
1605150599993 0.6570485151177207 98700
1605150622053 0.6564290229796298 98800
1605150644113 0.655133957429393 98900
1605150666176 0.6559128145666056 99000
1605150688236 0.6559526993896642 99100
1605150710300 0.6560152078638194 99200
1605150732361 0.6559011158098422 99300
1605150754437 0.6557153889882392 99400
1605150776496 0.6553147576805136 99500
1605150798546 0.6553127224183635 99600
1605150820607 0.6542878870554254 99700
1605150842669 0.6536009455899395 99800
1605150864741 0.6536224629230083 99900
1605150886819 0.6534835904158274 100000
1605150908871 0.6534901341108521 100100
1605150930934 0.6545786685560154 100200
1605150952986 0.6536105636748157 100300
1605150975052 0.6538385041163167 100400
1605151052273 0.67008584079971 100500
1605151074371 0.6748167738973267 100600
1605151096508 0.6552353661872374 100700
1605151118654 0.657137297076196 100800
1605151140835 0.6587837242037137 100900
1605151162986 0.6603598933381986 101000
1605151185141 0.6632597598815455 101100
1605151207282 0.6610585665985853 101200
1605151229462 0.6598532958829896 101300
1605151251587 0.6611204355185786 101400
1605151273703 0.6629456489647519 101500
1605151295803 0.6620879046588782 101600
1605151317908 0.6606417281144046 101700
1605151340012 0.6615698300189095 101800
1605151362121 0.6602818496341254 101900
1605151384247 0.6611746746963406 102000
1605151406364 0.6613343455803123 102100
1605151428491 0.6615133475760442 102200
1605151450619 0.6609283520715588 102300
1605151472747 0.6609941844285516 102400
1605151494894 0.659681019714786 102500
1605151517053 0.6587853117687636 102600
1605151539206 0.6572484478642987 102700
1605151561361 0.6571539274320775 102800
1605151583501 0.658056167673238 102900
1605151605591 0.6574788223029083 103000
1605151627684 0.6573288541524547 103100
1605151649773 0.6574401763609972 103200
1605151671879 0.6581720878097063 103300
1605151694017 0.6568990319957609 103400
1605151716157 0.6573660667662519 103500
1605151738279 0.6571937256592162 103600
1605151760384 0.6579970764148347 103700
1605151836502 0.6762057078723746 103800
1605151858692 0.6610285748581274 103900
1605151880845 0.6716605940085999 104000
1605151902949 0.6767520916411705 104100
1605151925044 0.6706333093444862 104200
1605151947123 0.6713614990352856 104300
1605151969207 0.6712089892523937 104400
1605151991292 0.6688828220411246 104500
1605152013401 0.666126529297899 104600
1605152035514 0.6697647623583978 104700
1605152057608 0.6705737361169068 104800
1605152079710 0.669785645208212 104900
1605152101838 0.667856593236493 105000
1605152123936 0.6682395499057083 105100
1605152146029 0.6684620056608109 105200
1605152168156 0.6675268826915712 105300
1605152190289 0.6679274831877258 105400
1605152212417 0.6680112977600753 105500
1605152234555 0.6671778504828757 105600
1605152256704 0.6667984591723078 105700
1605152278811 0.6667283744024558 105800
1605152300966 0.6663757185806918 105900
1605152323114 0.6666602707438322 106000
1605152345195 0.6653079811111251 106100
1605152367272 0.6648707420038524 106200
1605152389376 0.6651717281746765 106300
1605152411475 0.6652369219052094 106400
1605152433613 0.6651298149137691 106500
1605152455731 0.6661189806892547 106600
1605152477859 0.6657961022840256 106700
1605152499978 0.6656976361620771 106800
1605152522051 0.6652459378927396 106900
1605152544131 0.6659676298511291 107000
1605152566232 0.6663543764336525 107100
1605152642201 0.6779577490129979 107200
1605152664388 0.6715498668361322 107300
1605152686572 0.6698246828038386 107400
1605152708751 0.664327399782943 107500
1605152730891 0.6623659490831032 107600
1605152753043 0.6643238628970037 107700
1605152775190 0.6622292189042622 107800
1605152797348 0.6608718040555933 107900
1605152819492 0.6612999816376968 108000
1605152841603 0.6614595976376938 108100
1605152863720 0.6615545196750898 108200
1605152885822 0.6600420180633744 108300
1605152907938 0.6613122073002323 108400
1605152930057 0.6599966732395042 108500
1605152952178 0.6609498759770455 108600
1605152974299 0.6633946437535987 108700
1605152996415 0.6647802045118973 108800
1605153018571 0.6662273398088804 108900
1605153040689 0.6663048455401199 109000
1605153062817 0.666237157645755 109100
1605153084969 0.6669443828097876 109200
1605153107111 0.6671314898021806 109300
1605153129265 0.6680064454111396 109400
1605153151439 0.6691145146731867 109500
1605153173544 0.6698207675667218 109600
1605153195652 0.6702592395386218 109700
1605153217826 0.6696624903670675 109800
1605153239912 0.6700664907678847 109900
1605153261994 0.6692802337096533 110000
1605153284083 0.6692785379420908 110100
1605153306249 0.6688666018589058 110200
1605153328394 0.6695400784781164 110300
1605153350495 0.6688278378180702 110400
1605153426505 0.6886827315748885 110500
1605153448652 0.6764017602148172 110600
1605153470785 0.6816732692816934 110700
1605153492905 0.6772675229282007 110800
1605153515072 0.6767019805118577 110900
1605153537237 0.6770042550768766 111000
1605153559368 0.6728467573998573 111100
1605153581530 0.6700104779763906 111200
1605153603663 0.6714457562629705 111300
1605153625814 0.6724818616442982 111400
1605153647942 0.6724386455541195 111500
1605153670089 0.6742460210266238 111600
1605153692236 0.6729252471816494 111700
1605153714312 0.6738045388194952 111800
1605153736385 0.6737599893103827 111900
1605153758451 0.6711858948305107 112000
1605153780503 0.6698667228218346 112100
1605153802533 0.6700024479794432 112200
1605153824570 0.671513279836204 112300
1605153846625 0.6714172715187496 112400
1605153868693 0.6722981851781417 112500
1605153890776 0.671661137987098 112600
1605153912976 0.6717174251700561 112700
1605153935077 0.6717659444764843 112800
1605153957193 0.6708910913685275 112900
1605153979290 0.6700935799217848 113000
1605154001396 0.6693319219231141 113100
1605154023527 0.6696632430472387 113200
1605154045645 0.6694263267176168 113300
1605154067764 0.6701195080592041 113400
1605154089927 0.6707492100494304 113500
1605154112044 0.670230022862612 113600
1605154134185 0.6706408256054169 113700
1605154210612 0.3111111111111111 113800
1605154232715 0.6857254761863696 113900
1605154254799 0.6735852508344716 114000
1605154276892 0.6692970760084574 114100
1605154298988 0.6701467061165565 114200
1605154321112 0.674059393794068 114300
1605154343261 0.6751400407469937 114400
1605154365434 0.6782210692417951 114500
1605154387560 0.6792940297162532 114600
1605154409673 0.6790064370302127 114700
1605154431838 0.678261564355399 114800
1605154454013 0.6773352901432735 114900
1605154476148 0.6784249355546076 115000
1605154498241 0.677824825493195 115100
1605154520345 0.677289355300762 115200
1605154542487 0.6755543857772699 115300
1605154564596 0.6750662578156743 115400
1605154586691 0.6740127406029094 115500
1605154608818 0.6743433651304926 115600
1605154630930 0.6742037986752544 115700
1605154653080 0.6740378030166466 115800
1605154675237 0.6742826631430288 115900
1605154697365 0.6736121777488691 116000
1605154719505 0.6734939047707832 116100
1605154741645 0.6727088515398725 116200
1605154763822 0.672993986489168 116300
1605154785973 0.6726703977160385 116400
1605154808140 0.6725807507255814 116500
1605154830253 0.6722398279697163 116600
1605154852300 0.6729637426019157 116700
1605154874357 0.6729479052284013 116800
1605154896403 0.6733090150749786 116900
1605154918444 0.6729114005500269 117000
1605154940505 0.6729909520131824 117100
1605155016481 0.668150433444551 117200
1605155038669 0.6762145948741843 117300
1605155060848 0.6818467131003193 117400
1605155082995 0.677639762631656 117500
1605155105132 0.6743131123576779 117600
1605155127254 0.6713593884043997 117700
1605155149373 0.6763792253308599 117800
1605155171500 0.6777801100454899 117900
1605155193629 0.6760214647091107 118000
1605155215757 0.674875012113183 118100
1605155237888 0.6754472573197045 118200
1605155260034 0.6762703052113631 118300
1605155282190 0.6754599311565934 118400
1605155304341 0.6745609849413732 118500
1605155326485 0.674732190264183 118600
1605155348635 0.6741356168056328 118700
1605155370784 0.675067329589247 118800
1605155392934 0.6756317307148857 118900
1605155415088 0.6750886648034776 119000
1605155437241 0.6762778742586595 119100
1605155459361 0.6748409164599644 119200
1605155481490 0.6752242509183006 119300
1605155503624 0.6754655976313361 119400
1605155525760 0.6748485787318574 119500
1605155547942 0.674390560418695 119600
1605155570114 0.6743020597332381 119700
1605155592252 0.6745706116073079 119800
1605155614373 0.6742632383025838 119900
1605155636517 0.6740561778228369 120000
1605155658645 0.6742966241352725 120100
1605155680784 0.6746315712529011 120200
1605155702923 0.6746861176708631 120300
1605155725029 0.6751722107816333 120400
1605155801203 0.6148148148148148 120500
1605155823365 0.6975047620800752 120600
1605155845447 0.6906200023302329 120700
1605155867519 0.6897981780402972 120800
1605155889574 0.6851282487896119 120900
1605155911636 0.6812330186012547 121000
1605155933752 0.6790211836246491 121100
1605155955880 0.6797347204970599 121200
1605155977984 0.6790360805531435 121300
1605156000066 0.6770493222342037 121400
1605156022096 0.6773496884927579 121500
1605156044148 0.6784346721959632 121600
1605156066230 0.6785248598740741 121700
1605156088323 0.6793465665429382 121800
1605156110387 0.6808023694895038 121900
1605156132445 0.6814914159959745 122000
1605156154506 0.682992510395268 122100
1605156176564 0.6830925538704448 122200
1605156198627 0.6816250249592953 122300
1605156220706 0.6801346206681144 122400
1605156242755 0.6778082052853541 122500
1605156264863 0.6767864496595153 122600
1605156286935 0.6775105300155284 122700
1605156308979 0.6789365938656928 122800
1605156331015 0.6782370376686947 122900
1605156353055 0.6793616585286043 123000
1605156375103 0.6791333258678321 123100
1605156397143 0.6794675961256583 123200
1605156419182 0.6783640328911368 123300
1605156441239 0.6790646050655755 123400
1605156463280 0.6785643437105713 123500
1605156485331 0.6786617868504193 123600
1605156507388 0.6781569490452803 123700
1605156529464 0.6773344741745885 123800
1605156605423 0.6976044217220688 123900
1605156627609 0.6729595984568322 124000
1605156649800 0.6700145708627695 124100
1605156671978 0.671453423330696 124200
1605156694082 0.673205420021637 124300
1605156716189 0.6786151234119184 124400
1605156738295 0.6877385556264181 124500
1605156760465 0.6875991157419535 124600
1605156782619 0.68780896427058 124700
1605156804747 0.6873511741718239 124800
1605156826885 0.6889759831745864 124900
1605156849032 0.688163642910312 125000
1605156871213 0.6870562417201562 125100
1605156893338 0.686744962800324 125200
1605156915444 0.6874338356317617 125300
1605156937574 0.6867794614694519 125400
1605156959735 0.686868606798149 125500
1605156981872 0.6862490554102566 125600
1605157004005 0.6862141402691703 125700
1605157026127 0.6868708721005953 125800
1605157048248 0.6868885327462299 125900
1605157070357 0.687600620632738 126000
1605157092506 0.686913315047611 126100
1605157114704 0.6860172518373372 126200
1605157136896 0.6860106450148961 126300
1605157159076 0.6859488658945148 126400
1605157181271 0.6862543092668022 126500
1605157203472 0.6862516737155074 126600
1605157225656 0.6860208366744972 126700
1605157247779 0.6857241562208656 126800
1605157269888 0.6855156650985123 126900
1605157291985 0.6855589752526505 127000
1605157314092 0.6855033240255581 127100
1605157390197 0.625925925925926 127200
1605157412304 0.6759593521494689 127300
1605157434365 0.6916009923056733 127400
1605157456437 0.6974523112255095 127500
1605157478570 0.6965747655946295 127600
1605157500633 0.6991390283216675 127700
1605157522706 0.697277754614044 127800
1605157544791 0.6969500023285722 127900
1605157566852 0.6933647163326633 128000
1605157588927 0.6908523195333499 128100
1605157611019 0.6929711033910604 128200
1605157633108 0.692404073826599 128300
1605157655180 0.6912657332849614 128400
1605157677272 0.6915037304144014 128500
1605157699364 0.6891266900123322 128600
1605157721473 0.6891880480807013 128700
1605157743527 0.6887306165551784 128800
1605157765583 0.6878695712081209 128900
1605157787635 0.6879618094106493 129000
1605157809694 0.688511486174158 129100
1605157831752 0.689007935454963 129200
1605157853813 0.6890206806973673 129300
1605157875869 0.6901807385004882 129400
1605157897923 0.6888929044926666 129500
1605157919979 0.6883124001928363 129600
1605157942074 0.6873725482490929 129700
1605157964165 0.6867580459738545 129800
1605157986258 0.6873322181963505 129900
1605158008350 0.6873894597907616 130000
1605158030435 0.687781928339542 130100
1605158052543 0.6868308326301629 130200
1605158074659 0.6869086451359325 130300
1605158096769 0.6873908202370035 130400
1605158118873 0.6872111584927837 130500
1605158195121 0.7052137495764946 130600
1605158217307 0.7179099393175886 130700
1605158239463 0.706331955178051 130800
1605158261600 0.6999900522394908 130900
1605158283732 0.6971374751028313 131000
1605158305871 0.6959521499781459 131100
1605158328015 0.6967196258210248 131200
1605158350184 0.6959620117200779 131300
1605158372337 0.6968397399232119 131400
1605158394498 0.6974824762530429 131500
1605158416749 0.6971185346787396 131600
1605158438915 0.6984012632585684 131700
1605158461062 0.6986265451498397 131800
1605158483217 0.6983722970984266 131900
1605158505379 0.6972741108196358 132000
1605158527530 0.6966430821211185 132100
1605158549688 0.696256624144533 132200
1605158571833 0.6951226083963802 132300
1605158593983 0.6956352522275575 132400
1605158616149 0.6948201194949787 132500
1605158638342 0.6948076312369483 132600
1605158660533 0.6948645935999791 132700
1605158682713 0.69385301264745 132800
1605158704874 0.6934207441110843 132900
1605158727272 0.6922615370633759 133000
1605158751355 0.6924777566507854 133100
1605158773740 0.6919059049144966 133200
1605158795819 0.6919315485022166 133300
1605158817821 0.6908327357416257 133400
1605158839828 0.6908268765814906 133500
1605158861885 0.6902085925645335 133600
1605158883944 0.6906235390963842 133700
1605158906154 0.6903225891628385 133800
1605158982314 0.6833333333333332 133900
1605159004454 0.6965367555373541 134000
1605159026506 0.6988273294778841 134100
1605159048579 0.697963468365635 134200
1605159070695 0.7047859333422546 134300
1605159092825 0.7015284097680993 134400
1605159114955 0.7048451188238913 134500
1605159137154 0.7023754814372372 134600
1605159159309 0.7032796475029683 134700
1605159181428 0.6978416698999563 134800
1605159203567 0.697648581700283 134900
1605159225706 0.697681060119691 135000
1605159247804 0.6962743160050432 135100
1605159269919 0.6932159694978006 135200
1605159292041 0.6915735006076478 135300
1605159314156 0.6911658872723146 135400
1605159336253 0.6928599720089593 135500
1605159358380 0.6920982674129333 135600
1605159380516 0.6922128923902462 135700
1605159402648 0.6931332563236811 135800
1605159424781 0.6927294602746735 135900
1605159446925 0.6916130278216682 136000
1605159469060 0.6925855999916941 136100
1605159491203 0.6929163769981329 136200
1605159513374 0.692865425126144 136300
1605159535532 0.6925754041071553 136400
1605159557645 0.6919840104553898 136500
1605159579744 0.6916496042320965 136600
1605159601860 0.6927075132820589 136700
1605159623989 0.6929549021657584 136800
1605159646124 0.6934825189072924 136900
1605159668261 0.6931636502719117 137000
1605159690380 0.6939014079377764 137100
1605159712483 0.6946848562563412 137200
1605159788494 0.6700790966477241 137300
1605159810556 0.6679823413774073 137400
1605159832618 0.6711981592915984 137500
1605159854688 0.6820924057579377 137600
1605159876753 0.6829654429280049 137700
1605159898817 0.6823907557830746 137800
1605159920876 0.6844288422524198 137900
1605159942936 0.687888151140965 138000
1605159965005 0.6904103982038096 138100
1605159987082 0.6911247003677418 138200
1605160009188 0.6943680176212823 138300
1605160031319 0.6966025234615452 138400
1605160053463 0.6976097787071156 138500
1605160075583 0.6967079533626059 138600
1605160097727 0.6984393390550988 138700
1605160119886 0.6986262060104368 138800
1605160142049 0.6990449168473852 138900
1605160164198 0.6976932974234059 139000
1605160186412 0.6965356909293878 139100
1605160208604 0.6972906061633692 139200
1605160230777 0.6981877937837249 139300
1605160252933 0.6974183014149633 139400
1605160275073 0.6971778375566261 139500
1605160297229 0.6969781261059051 139600
1605160319398 0.6974810127113551 139700
1605160341592 0.6971099728608112 139800
1605160363690 0.6974500564695718 139900
1605160385816 0.6974115921725157 140000
1605160407910 0.6983543404492938 140100
1605160430020 0.6987301935488391 140200
1605160452176 0.6989364648646069 140300
1605160474250 0.6990365400052142 140400
1605160496320 0.6990329522011991 140500
1605160572497 0.7211640211640211 140600
1605160594700 0.7132460828423015 140700
1605160616833 0.7179634564077143 140800
1605160638944 0.7156170493171392 140900
1605160661055 0.7155417116181337 141000
1605160683174 0.7189372969899918 141100
1605160705309 0.716216986712006 141200
1605160727482 0.7159035269432004 141300
1605160749639 0.7144494120283927 141400
1605160771809 0.7143339212705434 141500
1605160793960 0.7134802399742103 141600
1605160816089 0.7108009098804201 141700
1605160838219 0.7107805407976417 141800
1605160860322 0.7093825117741613 141900
1605160882423 0.7073325512752825 142000
1605160904596 0.7059770775118749 142100
1605160926735 0.7049164539913189 142200
1605160948846 0.7030852141837431 142300
1605160970976 0.7022432457260417 142400
1605160993115 0.7020851944232477 142500
1605161015219 0.7013327351783751 142600
1605161037371 0.7010365168208976 142700
1605161059504 0.70103590515586 142800
1605161081619 0.7011290065363506 142900
1605161103729 0.7012124387234709 143000
1605161125835 0.7003120272801389 143100
1605161147944 0.6990506621832691 143200
1605161170075 0.699377855065769 143300
1605161192256 0.6998046289290426 143400
1605161214402 0.6993363727424653 143500
1605161236555 0.6991589827562836 143600
1605161258742 0.6986811823446546 143700
1605161280913 0.6982843523228668 143800
1605161303072 0.6986646068591577 143900
1605161379246 0.6970169526426538 144000
1605161401360 0.6939087115995382 144100
1605161423477 0.6979630436250693 144200
1605161445702 0.7065014143595287 144300
1605161467858 0.7013271761618572 144400
1605161489961 0.7046341636145347 144500
1605161512052 0.7031557355848019 144600
1605161534144 0.700612843165311 144700
1605161556224 0.7026219984774682 144800
1605161578453 0.7038456081085397 144900
1605161600644 0.7045644765716241 145000
1605161622844 0.7065472329534763 145100
1605161644996 0.7056941619946072 145200
1605161667067 0.7065049252914216 145300
1605161689136 0.705529210796676 145400
1605161711219 0.7047944043856229 145500
1605161733312 0.7057441242378483 145600
1605161755399 0.7064522228548059 145700
1605161777558 0.7065707558749057 145800
1605161799747 0.7051551896122109 145900
1605161821881 0.7056177744116547 146000
1605161844060 0.706214173573499 146100
1605161866188 0.7054463217948694 146200
1605161888316 0.7048190874728163 146300
1605161910416 0.7058414038166064 146400
1605161932517 0.7055538325569706 146500
1605161954712 0.7048459424041735 146600
1605161976935 0.7038792807756621 146700
1605161999066 0.7042026183194867 146800
1605162021159 0.7035381659815216 146900
1605162043271 0.7035740415219993 147000
1605162065372 0.7038722011077937 147100
1605162087458 0.7037257683753682 147200
1605162163627 0.668133718133718 147300
1605162185803 0.695520907024659 147400
1605162207990 0.6979965937241756 147500
1605162230168 0.6975321961548144 147600
1605162252318 0.7005874221036081 147700
1605162274514 0.7045855161454904 147800
1605162296648 0.7056507285665693 147900
1605162318783 0.7033265252321965 148000
1605162340911 0.701817769815189 148100
1605162363032 0.7022447708569324 148200
1605162385155 0.7043646905376908 148300
1605162407282 0.7036064161613501 148400
1605162429390 0.7051099336252656 148500
1605162451524 0.7051478019941749 148600
1605162473641 0.7054204009547981 148700
1605162495759 0.7057199573430436 148800
1605162517894 0.706273124358553 148900
1605162540020 0.7074055049814396 149000
1605162562220 0.7073613083935103 149100
1605162584403 0.707685469967552 149200
1605162606549 0.7077847957658352 149300
1605162628716 0.707440170124692 149400
1605162650891 0.7074161428630069 149500
1605162673030 0.7068788617459814 149600
1605162695156 0.7071756140459959 149700
1605162717288 0.7074066216384615 149800
1605162739426 0.7075524177552498 149900
1605162761614 0.7069699101869069 150000
1605162783789 0.7074538138978405 150100
1605162805965 0.707487297380424 150200
1605162828113 0.7082391168006901 150300
1605162850227 0.707942113535765 150400
1605162872334 0.7077289977150941 150500
1605162894433 0.7082120155287618 150600
1605162970740 0.7246841999651934 150700
1605162992876 0.7171578363719383 150800
1605163015009 0.7154319711976173 150900
1605163037112 0.7128516814071871 151000
1605163059219 0.7120518827330108 151100
1605163081341 0.7122118841998776 151200
1605163103582 0.710581382671336 151300
1605163125824 0.7105140714846496 151400
1605163147992 0.7095230658219748 151500
1605163170163 0.7104200916493334 151600
1605163192267 0.7123551288772668 151700
1605163214345 0.7124454267922722 151800
1605163236415 0.7131564953478893 151900
1605163258520 0.7107117960191673 152000
1605163280712 0.71157390209549 152100
1605163302841 0.7105242027768452 152200
1605163324948 0.710436360663815 152300
1605163347061 0.7097315098266022 152400
1605163369174 0.709293766821141 152500
1605163391312 0.7090859830061581 152600
1605163413554 0.7082493546353723 152700
1605163435805 0.7090790388741673 152800
1605163458046 0.7092459148517719 152900
1605163480235 0.7093327382044998 153000
1605163502347 0.7092348246128023 153100
1605163524429 0.7100442833297703 153200
1605163546519 0.7105110800753376 153300
1605163568612 0.7107696014354293 153400
1605163590715 0.7106933013939458 153500
1605163612829 0.7096509137468705 153600
1605163635012 0.7092500014095023 153700
1605163657222 0.7084733863723838 153800
1605163679427 0.7091833891125632 153900
1605163755832 0.7512023162023163 154000
1605163778014 0.7421241337732198 154100
1605163800192 0.728851537096349 154200
1605163822368 0.7240038188012439 154300
1605163844544 0.7204802933274764 154400
1605163866697 0.7193975292060403 154500
1605163888836 0.716719821034486 154600
1605163911030 0.7209843879395169 154700
1605163933230 0.7217414564090433 154800
1605163955395 0.7222444393006211 154900
1605163977568 0.7181464475094 155000
1605163999784 0.720894753805054 155100
1605164021996 0.7197348225537797 155200
1605164044167 0.7176111750968571 155300
1605164066339 0.7162481810682638 155400
1605164088510 0.714746335611399 155500
1605164110653 0.7138324342463741 155600
1605164132806 0.7151420843235428 155700
1605164154957 0.7143124906230589 155800
1605164177111 0.7140393442490329 155900
1605164199262 0.7136366326892424 156000
1605164221422 0.7125904927767953 156100
1605164243604 0.712285396818417 156200
1605164265767 0.7128462517104011 156300
1605164287930 0.7127673005103241 156400
1605164310133 0.7129188578719083 156500
1605164332306 0.7123526510406074 156600
1605164354461 0.711726827850144 156700
1605164376613 0.7116294459932959 156800
1605164398783 0.7113169604484063 156900
1605164420985 0.7114861979890079 157000
1605164443159 0.7119315862757206 157100
1605164465352 0.7124015038192335 157200
1605164487557 0.7128573844627892 157300
1605164563877 0.7082381932175534 157400
1605164585986 0.7108188217292738 157500
1605164608119 0.7157682334424494 157600
1605164630158 0.7182264470617892 157700
1605164652220 0.7180584655342231 157800
1605164674275 0.7194854703390836 157900
1605164696327 0.7180111530954483 158000
1605164718391 0.7204487654363366 158100
1605164740427 0.7196000346457248 158200
1605164762486 0.7211542962054159 158300
1605164784523 0.718873233043198 158400
1605164806571 0.7190990789032173 158500
1605164828601 0.7187206161482427 158600
1605164850618 0.7179642278999661 158700
1605164872626 0.7178546464951001 158800
1605164894632 0.7165248647441962 158900
1605164916629 0.7150860087526058 159000
1605164938625 0.7160280788175991 159100
1605164960634 0.7160649113876193 159200
1605164982631 0.716026881534884 159300
1605165004638 0.7177527458098246 159400
1605165026635 0.7161441710378003 159500
1605165048622 0.7160385408319023 159600
1605165070634 0.7144839499937837 159700
1605165092686 0.7145265552500443 159800
1605165114680 0.7144439638382173 159900
1605165136670 0.7151725389802712 160000
1605165158661 0.7144047369437005 160100
1605165180653 0.7139797310755103 160200
1605165202654 0.7135297549047188 160300
1605165224654 0.7129338990638808 160400
1605165246650 0.713289542856846 160500
1605165268716 0.7137504171702871 160600
1605165344995 0.7456934423601091 160700
1605165367192 0.7243422253434051 160800
1605165389348 0.7185465491106267 160900
1605165411516 0.721628532177901 161000
1605165433741 0.7198693184997651 161100
1605165455950 0.7170987583085154 161200
1605165478155 0.7173634409552171 161300
1605165500373 0.7188798514650607 161400
1605165522580 0.7176351551809372 161500
1605165544780 0.7182350258086276 161600
1605165566993 0.718370853197359 161700
1605165589195 0.7184776527509751 161800
1605165611403 0.7185658097744206 161900
1605165633626 0.7182053568818221 162000
1605165655847 0.7180750691605253 162100
1605165678082 0.7189672494917922 162200
1605165700294 0.7181316195903155 162300
1605165722478 0.7167896407825236 162400
1605165744681 0.7173335360239794 162500
1605165766860 0.7183262192267708 162600
1605165789079 0.7188749788647024 162700
1605165811289 0.7173765549020411 162800
1605165833504 0.7170430109307577 162900
1605165855658 0.7159345128641642 163000
1605165877823 0.7145088053385851 163100
1605165899965 0.7141288003266242 163200
1605165922100 0.7133597404448676 163300
1605165944274 0.7140521170780828 163400
1605165966535 0.7149156612637897 163500
1605165988732 0.7144399888919982 163600
1605166010845 0.7147851919363477 163700
1605166032989 0.7148891303072001 163800
1605166055162 0.7148721337472443 163900
1605166077328 0.7151250895344061 164000
1605166153426 0.6884505456603989 164100
1605166175569 0.7017797008711084 164200
1605166197757 0.7021914736163588 164300
1605166219950 0.7131790036544727 164400
1605166242095 0.7130458266787169 164500
1605166264253 0.7165683401723487 164600
1605166286410 0.7195247939591125 164700
1605166308605 0.7222581580749783 164800
1605166330745 0.7232754044316432 164900
1605166352888 0.7247617747571223 165000
1605166375051 0.7254441088016138 165100
1605166397206 0.72363380679448 165200
1605166419332 0.7222071072538472 165300
1605166441473 0.7209649880804757 165400
1605166463582 0.7229482851237222 165500
1605166485653 0.7217334749957369 165600
1605166507724 0.7195908805341286 165700
1605166529867 0.7192217968037784 165800
1605166551974 0.719162474699317 165900
1605166574061 0.7201204618965894 166000
1605166596157 0.719595815255994 166100
1605166618276 0.7189617662966837 166200
1605166640383 0.7204297022307061 166300
1605166662489 0.7205448942697743 166400
1605166684580 0.7201550979589715 166500
1605166706652 0.7206059517314639 166600
1605166728722 0.7209663049373788 166700
1605166750801 0.7188915988639404 166800
1605166772873 0.7188937874757635 166900
1605166794947 0.7196335960440962 167000
1605166817017 0.7188468444652157 167100
1605166839091 0.7191768694206254 167200
1605166861165 0.7188223318151249 167300
