1605127172450 0.0 0
1605127195205 0.0 100
1605127218541 0.0 200
1605127241001 0.0 300
1605127263511 0.0 400
1605127286263 0.0 500
1605127309029 0.0 600
1605127331619 0.0 700
1605127354544 0.0 800
1605127377308 0.0 900
1605127399784 0.0 1000
1605127421841 0.0 1100
1605127444011 0.0 1200
1605127466493 0.0 1300
1605127488996 0.0 1400
1605127512392 0.0 1500
1605127534854 0.0 1600
1605127557647 0.0 1700
1605127580218 0.0 1800
1605127602352 0.0 1900
1605127624746 0.0 2000
1605127646946 0.0 2100
1605127669092 0.0 2200
1605127691129 0.0 2300
1605127713679 0.0 2400
1605127735776 0.0 2500
1605127757748 0.0 2600
1605127779837 0.0 2700
1605127801910 0.0 2800
1605127823902 0.0 2900
1605127845889 0.0 3000
1605127867879 0.0 3100
1605127889872 0.0 3200
1605127911800 0.0 3300
1605127989033 0.0 3400
1605128011172 0.0 3500
1605128033150 0.0 3600
1605128055117 0.0 3700
1605128077072 0.0 3800
1605128099059 0.0 3900
1605128121045 0.0 4000
1605128143049 0.0 4100
1605128165072 0.0 4200
1605128187082 0.0 4300
1605128209117 0.0 4400
1605128231144 0.0 4500
1605128253160 0.0 4600
1605128275194 0.0 4700
1605128297236 0.0 4800
1605128319268 0.0 4900
1605128341348 0.0 5000
1605128363473 0.0 5100
1605128385493 0.0 5200
1605128407519 0.0 5300
1605128429548 0.0 5400
1605128451585 0.0 5500
1605128473627 0.0 5600
1605128495675 0.0 5700
1605128517724 0.0 5800
1605128539762 0.0 5900
1605128561783 0.0 6000
1605128583855 0.0 6100
1605128605881 0.0 6200
1605128627916 0.0 6300
1605128649941 0.0 6400
1605128671961 0.0 6500
1605128693998 0.0 6600
1605128771254 0.0 6700
1605128793331 0.0 6800
1605128815421 0.0 6900
1605128837509 0.0 7000
1605128860222 0.0 7100
1605128882943 0.0 7200
1605128905110 0.0 7300
1605128927297 0.0 7400
1605128949434 0.0 7500
1605128971550 0.0 7600
1605128993680 0.0 7700
1605129015799 0.0 7800
1605129038229 0.0 7900
1605129061132 0.0 8000
1605129083676 0.0 8100
1605129106803 0.0 8200
1605129129432 0.0 8300
1605129153411 0.0 8400
1605129177499 0.0 8500
1605129201269 0.0 8600
1605129223970 0.0 8700
1605129247721 0.0 8800
1605129271693 0.0 8900
1605129294910 0.0 9000
1605129317339 0.0 9100
1605129339460 0.0 9200
1605129361569 0.0 9300
1605129383702 0.0 9400
1605129405847 0.0 9500
1605129427987 0.0 9600
1605129450118 0.0 9700
1605129472237 0.0 9800
1605129494355 0.0 9900
1605129516474 0.0 10000
1605129594288 0.0 10100
1605129616369 0.0 10200
1605129638407 0.0 10300
1605129660473 0.0 10400
1605129682551 0.0 10500
1605129704610 0.0 10600
1605129726674 0.0 10700
1605129748870 0.0 10800
1605129770923 0.0 10900
1605129793008 0.0 11000
1605129815088 0.0 11100
1605129837376 0.0 11200
1605129859422 0.0 11300
1605129881449 0.0 11400
1605129903496 0.0 11500
1605129925550 0.0 11600
1605129947545 0.0 11700
1605129969540 0.0 11800
1605129991537 0.0 11900
1605130013544 0.0 12000
1605130035541 0.0 12100
1605130057519 0.0 12200
1605130079512 0.0 12300
1605130101517 0.0 12400
1605130123517 0.0 12500
1605130145514 0.0 12600
1605130167506 0.0 12700
1605130189500 0.0 12800
1605130211483 0.0 12900
1605130233495 0.0 13000
1605130255498 0.0 13100
1605130277499 0.0 13200
1605130299507 0.0 13300
1605130376223 0.0 13400
1605130398175 0.0 13500
1605130420119 0.0 13600
1605130442058 0.0 13700
1605130463994 0.0 13800
1605130485958 0.0 13900
1605130507935 0.0 14000
1605130529917 0.0 14100
1605130551901 0.0 14200
1605130573899 0.0 14300
1605130595874 0.0 14400
1605130617843 0.0 14500
1605130639819 0.0 14600
1605130661810 0.0 14700
1605130683741 0.0 14800
1605130705680 0.0 14900
1605130727629 0.0 15000
1605130749576 0.0 15100
1605130771532 0.0 15200
1605130793637 0.0 15300
1605130815634 0.0 15400
1605130837605 0.0 15500
1605130859567 0.0 15600
1605130881496 0.0 15700
1605130903460 0.0 15800
1605130925445 0.0 15900
1605130947381 0.0 16000
1605130969401 0.0 16100
1605130991418 0.0 16200
1605131013352 0.0 16300
1605131035377 0.0 16400
1605131057357 0.0 16500
1605131079339 0.0 16600
1605131101306 0.0 16700
1605131178217 0.0 16800
1605131200085 0.0 16900
1605131222026 0.0 17000
1605131243960 0.0 17100
1605131265895 0.0 17200
1605131287860 0.0 17300
1605131309819 0.0 17400
1605131331764 0.0 17500
1605131353710 0.0 17600
1605131375656 0.0 17700
1605131397600 0.0 17800
1605131419542 0.0 17900
1605131441476 0.0 18000
1605131463463 0.0 18100
1605131485444 0.0 18200
1605131507423 0.0 18300
1605131529402 0.0 18400
1605131551404 0.0 18500
1605131573356 0.0 18600
1605131595317 0.0 18700
1605131617257 0.0 18800
1605131639203 0.0 18900
1605131661139 0.0 19000
1605131683058 0.0 19100
1605131704991 0.0 19200
1605131726925 0.0 19300
1605131748854 0.0 19400
1605131770816 0.0 19500
1605131792772 0.0 19600
1605131814727 0.0 19700
1605131836681 0.0 19800
1605131858632 0.0 19900
1605131880570 0.0 20000
1605131957194 0.0 20100
1605131979211 0.0 20200
1605132001248 0.0 20300
1605132023299 0.0 20400
1605132045363 0.0 20500
1605132067444 0.0 20600
1605132089509 0.0 20700
1605132111592 0.0 20800
1605132133676 0.0 20900
1605132155737 0.0 21000
1605132177786 0.0 21100
1605132199835 0.0 21200
1605132221925 0.0 21300
1605132243930 0.0 21400
1605132265941 0.0 21500
1605132287937 0.0 21600
1605132309938 0.0 21700
1605132331947 0.0 21800
1605132353959 0.0 21900
1605132375958 0.0 22000
1605132397968 0.0 22100
1605132419997 0.0 22200
1605132441996 0.0 22300
1605132464025 0.0 22400
1605132486040 0.0 22500
1605132508055 0.0 22600
1605132530076 0.0 22700
1605132552092 0.0 22800
1605132574099 0.0 22900
1605132596107 0.0 23000
1605132618122 0.0 23100
1605132640120 0.0 23200
1605132662125 0.0 23300
1605132684115 0.0 23400
1605132761266 0.0 23500
1605132783449 0.0 23600
1605132805614 0.0 23700
1605132827788 0.0 23800
1605132849967 0.0 23900
1605132872141 0.0 24000
1605132894319 0.0 24100
1605132916493 0.0 24200
1605132938674 0.0 24300
1605132960817 0.0 24400
1605132982968 0.0 24500
1605133005114 0.0 24600
1605133027261 0.0 24700
1605133049411 0.0 24800
1605133071555 0.0 24900
1605133093695 0.0 25000
1605133115831 0.0 25100
1605133137961 0.0 25200
1605133160121 0.0 25300
1605133182330 0.0 25400
1605133204534 0.0 25500
1605133226741 0.0 25600
1605133248895 0.0 25700
1605133271010 0.0 25800
1605133293182 0.0 25900
1605133315385 0.0 26000
1605133337558 0.0 26100
1605133359742 0.0 26200
1605133381909 0.0 26300
1605133404037 0.0 26400
1605133426162 0.0 26500
1605133448318 0.0 26600
1605133470447 0.0 26700
1605133547562 0.0 26800
1605133569692 0.0 26900
1605133591829 0.0 27000
1605133613966 0.0 27100
1605133636111 0.0 27200
1605133658254 0.0 27300
1605133680392 0.0 27400
1605133702538 0.0 27500
1605133724686 0.0 27600
1605133746840 0.0 27700
1605133769035 0.0 27800
1605133791176 0.0 27900
1605133813321 0.0 28000
1605133835467 0.0 28100
1605133857620 0.0 28200
1605133879788 0.0 28300
1605133901940 0.0 28400
1605133924081 0.0 28500
1605133946251 0.0 28600
1605133968441 0.0 28700
1605133990618 0.0 28800
1605134012800 0.0 28900
1605134034962 0.0 29000
1605134057110 0.0 29100
1605134079285 0.0 29200
1605134101474 0.0 29300
1605134123649 0.0 29400
1605134145790 0.0 29500
1605134167968 0.0 29600
1605134190148 0.0 29700
1605134212344 0.0 29800
1605134234522 0.0 29900
1605134256700 0.0 30000
1605134278864 0.0 30100
1605134356048 0.0 30200
1605134378182 0.0 30300
1605134400272 0.0 30400
1605134422367 0.0 30500
1605134444448 0.0 30600
1605134466600 0.0 30700
1605134488751 0.0 30800
1605134510837 0.0 30900
1605134532936 0.0 31000
1605134555024 0.0 31100
1605134577122 0.0 31200
1605134599227 0.0 31300
1605134621312 0.0 31400
1605134643402 0.0 31500
1605134665500 0.0 31600
1605134687598 0.0 31700
1605134709679 0.0 31800
1605134731783 0.0 31900
1605134753863 0.0 32000
1605134775970 0.0 32100
1605134798113 0.0 32200
1605134820201 0.0 32300
1605134842263 0.0 32400
1605134864360 0.0 32500
1605134886483 0.0 32600
1605134908613 0.0 32700
1605134930731 0.0 32800
1605134952782 0.0 32900
1605134974838 0.0 33000
1605134996904 0.0 33100
1605135018982 0.0 33200
1605135041054 0.0 33300
1605135063111 0.0 33400
1605135140448 0.0 33500
1605135162620 0.0 33600
1605135184775 0.0 33700
1605135206945 0.0 33800
1605135229116 0.0 33900
1605135251288 0.0 34000
1605135273443 0.0 34100
1605135295612 0.0 34200
1605135317763 0.0 34300
1605135339923 0.0 34400
1605135362042 0.0 34500
1605135384166 0.0 34600
1605135406314 0.0 34700
1605135428466 0.0 34800
1605135450619 0.0 34900
1605135472743 0.0 35000
1605135494860 0.0 35100
1605135516963 0.0 35200
1605135539065 0.0 35300
1605135561187 0.0 35400
1605135583306 0.0 35500
1605135605387 0.0 35600
1605135627469 0.0 35700
1605135649571 0.0 35800
1605135671703 0.0 35900
1605135693796 0.0 36000
1605135715928 0.0 36100
1605135738080 0.0 36200
1605135760225 0.0 36300
1605135782319 0.0 36400
1605135804406 0.0 36500
1605135826500 0.0 36600
1605135848587 0.0 36700
1605135870681 0.0 36800
1605135947727 0.0 36900
1605135969826 0.0 37000
1605135991946 0.0 37100
1605136014136 0.0 37200
1605136036321 0.0 37300
1605136058483 0.0 37400
1605136080675 0.0 37500
1605136102904 0.0 37600
1605136125086 0.0 37700
1605136147262 0.0 37800
1605136169502 0.0 37900
1605136191716 0.0 38000
1605136213926 0.0 38100
1605136236128 0.0 38200
1605136258316 0.0 38300
1605136280529 0.0 38400
1605136302722 0.0 38500
1605136324892 0.0 38600
1605136347036 0.0 38700
1605136369208 0.0 38800
1605136391395 0.0 38900
1605136413572 0.0 39000
1605136435689 0.0 39100
1605136457817 0.0 39200
1605136479925 0.0 39300
1605136502012 0.0 39400
1605136524126 0.0 39500
1605136546228 0.0 39600
1605136568346 0.0 39700
1605136590500 0.0 39800
1605136612654 0.0 39900
1605136634767 0.0 40000
1605136656862 0.0 40100
1605136733762 0.0 40200
1605136755928 0.0 40300
1605136778093 0.0 40400
1605136800227 0.0 40500
1605136822355 0.0 40600
1605136844481 0.0 40700
1605136866591 0.0 40800
1605136888710 0.0 40900
1605136910813 0.0 41000
1605136932915 0.0 41100
1605136955030 0.0 41200
1605136977229 0.0 41300
1605136999387 0.0 41400
1605137021484 0.0 41500
1605137043599 0.0 41600
1605137065694 0.0 41700
1605137087790 0.0 41800
1605137109905 0.0 41900
1605137132089 0.0 42000
1605137154234 0.0 42100
1605137176341 0.0 42200
1605137198501 0.0 42300
1605137220672 0.0 42400
1605137242823 0.0 42500
1605137264980 0.0 42600
1605137287148 0.0 42700
1605137309270 0.0 42800
1605137331389 0.0 42900
1605137353489 0.0 43000
1605137375566 0.0 43100
1605137397656 0.0 43200
1605137419773 0.0 43300
1605137441886 0.0 43400
1605137464005 0.0 43500
1605137541153 0.0 43600
1605137563226 0.0 43700
1605137585326 0.0 43800
1605137607403 0.0 43900
1605137629481 0.0 44000
1605137651564 0.0 44100
1605137673648 0.0 44200
1605137695733 0.0 44300
1605137717813 0.0 44400
1605137739892 0.0 44500
1605137761972 0.0 44600
1605137784056 0.0 44700
1605137806126 0.0 44800
1605137828204 0.0 44900
1605137850280 0.0 45000
1605137872391 0.0 45100
1605137894512 0.0 45200
1605137916594 0.0 45300
1605137938709 0.0 45400
1605137960870 0.0 45500
1605137982994 0.0 45600
1605138005120 0.0 45700
1605138027277 0.0 45800
1605138049406 0.0 45900
1605138071536 0.0 46000
1605138093634 0.0 46100
1605138115754 0.0 46200
1605138137896 0.0 46300
1605138159979 0.0 46400
1605138182064 0.0 46500
1605138204169 0.0 46600
1605138226307 0.0 46700
1605138248435 0.0 46800
1605138325568 0.0 46900
1605138347732 0.0 47000
1605138369876 0.0 47100
1605138392038 0.0 47200
1605138414216 0.0 47300
1605138436365 0.0 47400
1605138458459 0.0 47500
1605138480567 0.0 47600
1605138502679 0.0 47700
1605138524778 0.0 47800
1605138546879 0.0 47900
1605138568979 0.0 48000
1605138591107 0.0 48100
1605138613224 0.0 48200
1605138635320 0.0 48300
1605138657458 0.0 48400
1605138679622 0.0 48500
1605138701763 0.0 48600
1605138723902 0.0 48700
1605138746062 0.0 48800
1605138768262 0.0 48900
1605138790402 0.0 49000
1605138812521 0.0 49100
1605138834665 0.0 49200
1605138856801 0.0 49300
1605138878907 0.0 49400
1605138901012 0.0 49500
1605138923108 0.0 49600
1605138945223 0.0 49700
1605138967358 0.0 49800
1605138989496 0.0 49900
1605139011644 0.0 50000
1605139033765 0.0 50100
1605139055890 0.0 50200
1605139133144 0.0 50300
1605139155253 0.0 50400
1605139177393 0.0 50500
1605139199523 0.0 50600
1605139221667 0.0 50700
1605139243789 0.0 50800
1605139265904 0.0 50900
1605139288011 0.0 51000
1605139310139 0.0 51100
1605139332299 0.0 51200
1605139354434 0.0 51300
1605139376579 0.0 51400
1605139398706 0.0 51500
1605139420815 0.0 51600
1605139443007 0.0 51700
1605139465161 0.0 51800
1605139487309 0.0 51900
1605139509457 0.0 52000
1605139531606 0.0 52100
1605139553747 0.0 52200
1605139575917 0.0 52300
1605139598008 0.0 52400
1605139620112 0.0 52500
1605139642221 0.0 52600
1605139664331 0.0 52700
1605139686416 0.0 52800
1605139708504 0.0 52900
1605139730590 0.0 53000
1605139752678 0.0 53100
1605139774764 0.0 53200
1605139796854 0.0 53300
1605139818938 0.0 53400
1605139841032 0.0 53500
1605139917764 0.0 53600
1605139939852 0.0 53700
1605139961915 0.0 53800
1605139984007 0.0 53900
1605140006174 0.0 54000
1605140028290 0.0 54100
1605140050402 0.0 54200
1605140072528 0.0 54300
1605140094661 0.0 54400
1605140116796 0.0 54500
1605140138907 0.0 54600
1605140161042 0.0 54700
1605140183176 0.0 54800
1605140205288 0.0 54900
1605140227417 0.0 55000
1605140249577 0.0 55100
1605140271658 0.0 55200
1605140293735 0.0 55300
1605140315807 0.0 55400
1605140337866 0.0 55500
1605140359920 0.0 55600
1605140381978 0.0 55700
1605140404055 0.0 55800
1605140426175 0.0 55900
1605140448267 0.0 56000
1605140470364 0.0 56100
1605140492467 0.0 56200
1605140514575 0.0 56300
1605140536710 0.0 56400
1605140558900 0.0 56500
1605140581025 0.0 56600
1605140603107 0.0 56700
1605140625178 0.0 56800
1605140702528 0.0 56900
1605140724673 0.0 57000
1605140746815 0.0 57100
1605140768956 0.0 57200
1605140791061 0.0 57300
1605140813137 0.0 57400
1605140835219 0.0 57500
1605140857378 0.0 57600
1605140879527 0.0 57700
1605140901631 0.0 57800
1605140923652 0.0 57900
1605140945679 0.0 58000
1605140967712 0.0 58100
1605140989753 0.0 58200
1605141011814 0.0 58300
1605141033872 0.0 58400
1605141055928 0.0 58500
1605141078055 0.0 58600
1605141100182 0.0 58700
1605141122342 0.0 58800
1605141144500 0.0 58900
1605141166662 0.0 59000
1605141188838 0.0 59100
1605141210974 0.0 59200
1605141233095 0.0 59300
1605141255220 0.0 59400
1605141277346 0.0 59500
1605141299441 0.0 59600
1605141321590 0.0 59700
1605141343737 0.0 59800
1605141365878 0.0 59900
1605141388003 0.0 60000
1605141410137 0.0 60100
1605141432280 0.0 60200
1605141509148 0.0 60300
1605141531340 0.0 60400
1605141553504 0.0 60500
1605141575674 0.0 60600
1605141597739 0.0 60700
1605141619839 0.0 60800
1605141641921 0.0 60900
1605141663985 0.0 61000
1605141686172 0.0 61100
1605141708215 0.0 61200
1605141730259 0.0 61300
1605141752316 0.0 61400
1605141774485 0.0 61500
1605141796619 0.0 61600
1605141818722 0.0 61700
1605141840859 0.0 61800
1605141863005 0.0 61900
1605141885089 0.0 62000
1605141907160 0.0 62100
1605141929223 0.0 62200
1605141951287 0.0 62300
1605141973394 0.0 62400
1605141995502 0.0 62500
1605142017582 0.0 62600
1605142039635 0.0 62700
1605142061677 0.0 62800
1605142083711 0.0 62900
1605142105762 0.0 63000
1605142127806 0.0 63100
1605142149837 0.0 63200
1605142171862 0.0 63300
1605142193881 0.0 63400
1605142215988 0.0 63500
1605142293125 0.0 63600
1605142315222 0.0 63700
1605142337315 0.0 63800
1605142359415 0.0 63900
1605142381530 0.0 64000
1605142403677 0.0 64100
1605142425828 0.0 64200
1605142447969 0.0 64300
1605142470109 0.0 64400
1605142492245 0.0 64500
1605142514423 0.0 64600
1605142536545 0.0 64700
1605142558672 0.0 64800
1605142580785 0.0 64900
1605142602904 0.0 65000
1605142625027 0.0 65100
1605142647154 0.0 65200
1605142669264 0.0 65300
1605142691383 0.0 65400
1605142713500 0.0 65500
1605142735608 0.0 65600
1605142757735 0.0 65700
1605142779877 0.0 65800
1605142802012 0.0 65900
1605142824144 0.0 66000
1605142846280 0.0 66100
1605142868365 0.0 66200
1605142890441 0.0 66300
1605142912547 0.0 66400
1605142934644 0.0 66500
1605142956737 0.0 66600
1605142978820 0.0 66700
1605143000942 0.0 66800
1605143023025 0.0 66900
1605143100227 0.0 67000
1605143122300 0.0 67100
1605143144432 0.0 67200
1605143166572 0.0 67300
1605143188759 0.0 67400
1605143210944 0.0 67500
1605143233102 0.0 67600
1605143255246 0.0 67700
1605143277368 0.0 67800
1605143299495 0.0 67900
1605143321611 0.0 68000
1605143343724 0.0 68100
1605143365833 0.0 68200
1605143387942 0.0 68300
1605143410057 0.0 68400
1605143432147 0.0 68500
1605143454255 0.0 68600
1605143476392 0.0 68700
1605143498521 0.0 68800
1605143520646 0.0 68900
1605143542724 0.0 69000
1605143564818 0.0 69100
1605143586968 0.0 69200
1605143609111 0.0 69300
1605143631283 0.0 69400
1605143653445 0.0 69500
1605143675600 0.0 69600
1605143697761 0.0 69700
1605143719927 0.0 69800
1605143742088 0.0 69900
1605143764219 0.0 70000
1605143786341 0.0 70100
1605143808446 0.0 70200
1605143885560 0.0 70300
1605143907729 0.0 70400
1605143929752 0.0 70500
1605143951772 0.0 70600
1605143973781 0.0 70700
1605143995802 0.0 70800
1605144017822 0.0 70900
1605144039848 0.0 71000
1605144061897 0.0 71100
1605144083933 0.0 71200
1605144105969 0.0 71300
1605144127997 0.0 71400
1605144150011 0.0 71500
1605144172103 0.0 71600
1605144194236 0.0 71700
1605144216303 0.0 71800
1605144238327 0.0 71900
1605144260338 0.0 72000
1605144282336 0.0 72100
1605144304343 0.0 72200
1605144326353 0.0 72300
1605144348358 0.0 72400
1605144370360 0.0 72500
1605144392368 0.0 72600
1605144414375 0.0 72700
1605144436400 0.0 72800
1605144458401 0.0 72900
1605144480412 0.0 73000
1605144502448 0.0 73100
1605144524524 0.0 73200
1605144546604 0.0 73300
1605144568681 0.0 73400
1605144590759 0.0 73500
1605144612847 0.0 73600
1605144690209 0.0 73700
1605144712238 0.0 73800
1605144734283 0.0 73900
1605144756341 0.0 74000
1605144778386 0.0 74100
1605144800419 0.0 74200
1605144822464 0.0 74300
1605144844491 0.0 74400
1605144866521 0.0 74500
1605144888602 0.0 74600
1605144910683 0.0 74700
1605144932740 0.0 74800
1605144954792 0.0 74900
1605144976842 0.0 75000
1605144998891 0.0 75100
1605145020942 0.0 75200
1605145042994 0.0 75300
1605145065051 0.0 75400
1605145087092 0.0 75500
1605145109136 0.0 75600
1605145131185 0.0 75700
1605145153221 0.0 75800
1605145175264 0.0 75900
1605145197304 0.0 76000
1605145219344 0.0 76100
1605145241394 0.0 76200
1605145263430 0.0 76300
1605145285466 0.0 76400
1605145307506 0.0 76500
1605145329543 0.0 76600
1605145351585 0.0 76700
1605145373614 0.0 76800
1605145395643 0.0 76900
1605145473185 0.0 77000
1605145495215 0.0 77100
1605145517254 0.0 77200
1605145539328 0.0 77300
1605145561384 0.0 77400
1605145583458 0.0 77500
1605145605514 0.0 77600
1605145627557 0.0 77700
1605145649605 0.0 77800
1605145671642 0.0 77900
1605145693684 0.0 78000
1605145715737 0.0 78100
1605145737774 0.0 78200
1605145759816 0.0 78300
1605145781867 0.0 78400
1605145803915 0.0 78500
1605145825960 0.0 78600
1605145847993 0.0 78700
1605145870029 0.0 78800
1605145892109 0.0 78900
1605145914166 0.0 79000
1605145936243 0.0 79100
1605145958298 0.0 79200
1605145980334 0.0 79300
1605146002388 0.0 79400
1605146024495 0.0 79500
1605146046560 0.0 79600
1605146068626 0.0 79700
1605146090688 0.0 79800
1605146112818 0.0 79900
1605146134858 0.0 80000
1605146156889 0.0 80100
1605146178908 0.0 80200
1605146200936 0.0 80300
1605146278076 0.0 80400
1605146300148 0.0 80500
1605146322223 0.0 80600
1605146344303 0.0 80700
1605146366401 0.0 80800
1605146388492 0.0 80900
1605146410588 0.0 81000
1605146432674 0.0 81100
1605146454755 0.0 81200
1605146476840 0.0 81300
1605146498924 0.0 81400
1605146521010 0.0 81500
1605146543095 0.0 81600
1605146565178 0.0 81700
1605146587267 0.0 81800
1605146609418 0.0 81900
1605146631557 0.0 82000
1605146653659 0.0 82100
1605146675757 0.0 82200
1605146697854 0.0 82300
1605146719973 0.0 82400
1605146742076 0.0 82500
1605146764216 0.0 82600
1605146786345 0.0 82700
1605146808461 0.0 82800
1605146830541 0.0 82900
1605146852651 0.0 83000
1605146874783 0.0 83100
1605146896902 0.0 83200
1605146919038 0.0 83300
1605146941158 0.0 83400
1605146963293 0.0 83500
1605146985385 0.0 83600
1605147062398 0.0 83700
1605147084505 0.0 83800
1605147106616 0.0 83900
1605147128717 0.0 84000
1605147150771 0.0 84100
1605147172824 0.0 84200
1605147194892 0.0 84300
1605147216956 0.0 84400
1605147239034 0.0 84500
1605147261105 0.0 84600
1605147283212 0.0 84700
1605147305314 0.0 84800
1605147327418 0.0 84900
1605147349541 0.0 85000
1605147371621 0.0 85100
1605147393689 0.0 85200
1605147415751 0.0 85300
1605147437811 0.0 85400
1605147459854 0.0 85500
1605147481910 0.0 85600
1605147503952 0.0 85700
1605147525993 0.0 85800
1605147548043 0.0 85900
1605147570095 0.0 86000
1605147592144 0.0 86100
1605147614234 0.0 86200
1605147636334 0.0 86300
1605147658422 0.0 86400
1605147680488 0.0 86500
1605147702528 0.0 86600
1605147724569 0.0 86700
1605147746633 0.0 86800
1605147768677 0.0 86900
1605147790786 0.0 87000
1605147867726 0.0 87100
1605147889819 0.0 87200
1605147911908 0.0 87300
1605147934010 0.0 87400
1605147956103 0.0 87500
1605147978186 0.0 87600
1605148000323 0.0 87700
1605148022415 0.0 87800
1605148044532 0.0 87900
1605148066652 0.0 88000
1605148088762 0.0 88100
1605148110857 0.0 88200
1605148133006 0.0 88300
1605148155103 0.0 88400
1605148177198 0.0 88500
1605148199297 0.0 88600
1605148221377 0.0 88700
1605148243462 0.0 88800
1605148265553 0.0 88900
1605148287645 0.0 89000
1605148309720 0.0 89100
1605148331812 0.0 89200
1605148353946 0.0 89300
1605148376057 0.0 89400
1605148398177 0.0 89500
1605148420256 0.0 89600
1605148442337 0.0 89700
1605148464421 0.0 89800
1605148486498 0.0 89900
1605148508605 0.0 90000
1605148530743 0.0 90100
1605148552905 0.0 90200
1605148575026 0.0 90300
1605148652310 0.0 90400
1605148674443 0.0 90500
1605148696538 0.0 90600
1605148718660 0.0 90700
1605148740811 0.0 90800
1605148763040 0.0 90900
1605148785242 0.0 91000
1605148807421 0.0 91100
1605148829624 0.0 91200
1605148851796 0.0 91300
1605148873936 0.0 91400
1605148896101 0.0 91500
1605148918272 0.0 91600
1605148940421 0.0 91700
1605148962521 0.0 91800
1605148984698 0.0 91900
1605149006883 0.0 92000
1605149029059 0.0 92100
1605149051236 0.0 92200
1605149073389 0.0 92300
1605149095540 0.0 92400
1605149117714 0.0 92500
1605149139912 0.0 92600
1605149162077 0.0 92700
1605149184225 0.0 92800
1605149206373 0.0 92900
1605149228513 0.0 93000
1605149250657 0.0 93100
1605149272806 0.0 93200
1605149294947 0.0 93300
1605149317097 0.0 93400
1605149339252 0.0 93500
1605149361381 0.0 93600
1605149383520 0.0 93700
1605149460974 0.0 93800
1605149483067 0.0 93900
1605149505153 0.0 94000
1605149527262 0.0 94100
1605149549396 0.0 94200
1605149571565 0.0 94300
1605149593734 0.0 94400
1605149615849 0.0 94500
1605149637984 0.0 94600
1605149660104 0.0 94700
1605149682232 0.0 94800
1605149704349 0.0 94900
1605149726475 0.0 95000
1605149748627 0.0 95100
1605149770793 0.0 95200
1605149792897 0.0 95300
1605149815009 0.0 95400
1605149837129 0.0 95500
1605149859277 0.0 95600
1605149881421 0.0 95700
1605149903525 0.0 95800
1605149925628 0.0 95900
1605149947733 0.0 96000
1605149969845 0.0 96100
1605149991970 0.0 96200
1605150014131 0.0 96300
1605150036300 0.0 96400
1605150058420 0.0 96500
1605150080579 0.0 96600
1605150102724 0.0 96700
1605150124851 0.0 96800
1605150146986 0.0 96900
1605150169126 0.0 97000
1605150246600 0.0 97100
1605150268759 0.0 97200
1605150290831 0.0 97300
1605150312905 0.0 97400
1605150334976 0.0 97500
1605150357043 0.0 97600
1605150379212 0.0 97700
1605150401268 0.0 97800
1605150423344 0.0 97900
1605150445418 0.0 98000
1605150467483 0.0 98100
1605150489554 0.0 98200
1605150511632 0.0 98300
1605150533719 0.0 98400
1605150555838 0.0 98500
1605150577935 0.0 98600
1605150599993 0.0 98700
1605150622053 0.0 98800
1605150644113 0.0 98900
1605150666176 0.0 99000
1605150688236 0.0 99100
1605150710300 0.0 99200
1605150732361 0.0 99300
1605150754437 0.0 99400
1605150776496 0.0 99500
1605150798546 0.0 99600
1605150820607 0.0 99700
1605150842669 0.0 99800
1605150864741 0.0 99900
1605150886819 0.0 100000
1605150908871 0.0 100100
1605150930934 0.0 100200
1605150952986 0.0 100300
1605150975052 0.0 100400
1605151052273 0.0 100500
1605151074371 0.0 100600
1605151096508 0.0 100700
1605151118654 0.0 100800
1605151140835 0.0 100900
1605151162986 0.0 101000
1605151185141 0.0 101100
1605151207282 0.0 101200
1605151229462 0.0 101300
1605151251587 0.0 101400
1605151273703 0.0 101500
1605151295803 0.0 101600
1605151317908 0.0 101700
1605151340012 0.0 101800
1605151362121 0.0 101900
1605151384247 0.0 102000
1605151406364 0.0 102100
1605151428491 0.0 102200
1605151450619 0.0 102300
1605151472747 0.0 102400
1605151494894 0.0 102500
1605151517053 0.0 102600
1605151539206 0.0 102700
1605151561361 0.0 102800
1605151583501 0.0 102900
1605151605591 0.0 103000
1605151627684 0.0 103100
1605151649773 0.0 103200
1605151671879 0.0 103300
1605151694017 0.0 103400
1605151716157 0.0 103500
1605151738279 0.0 103600
1605151760384 0.0 103700
1605151836502 0.0 103800
1605151858692 0.0 103900
1605151880845 0.0 104000
1605151902949 0.0 104100
1605151925044 0.0 104200
1605151947123 0.0 104300
1605151969207 0.0 104400
1605151991292 0.0 104500
1605152013401 0.0 104600
1605152035514 0.0 104700
1605152057608 0.0 104800
1605152079710 0.0 104900
1605152101838 0.0 105000
1605152123936 0.0 105100
1605152146029 0.0 105200
1605152168156 0.0 105300
1605152190289 0.0 105400
1605152212417 0.0 105500
1605152234555 0.0 105600
1605152256704 0.0 105700
1605152278811 0.0 105800
1605152300966 0.0 105900
1605152323114 0.0 106000
1605152345195 0.0 106100
1605152367272 0.0 106200
1605152389376 0.0 106300
1605152411475 0.0 106400
1605152433613 0.0 106500
1605152455731 0.0 106600
1605152477859 0.0 106700
1605152499978 0.0 106800
1605152522051 0.0 106900
1605152544131 0.0 107000
1605152566232 0.0 107100
1605152642201 0.0 107200
1605152664388 0.0 107300
1605152686572 0.0 107400
1605152708751 0.0 107500
1605152730891 0.0 107600
1605152753043 0.0 107700
1605152775190 0.0 107800
1605152797348 0.0 107900
1605152819492 0.0 108000
1605152841603 0.0 108100
1605152863720 0.0 108200
1605152885822 0.0 108300
1605152907938 0.0 108400
1605152930057 0.0 108500
1605152952178 0.0 108600
1605152974299 0.0 108700
1605152996415 0.0 108800
1605153018571 0.0 108900
1605153040689 0.0 109000
1605153062817 0.0 109100
1605153084969 0.0 109200
1605153107111 0.0 109300
1605153129265 0.0 109400
1605153151439 0.0 109500
1605153173544 0.0 109600
1605153195652 0.0 109700
1605153217826 0.0 109800
1605153239912 0.0 109900
1605153261994 0.0 110000
1605153284083 0.0 110100
1605153306249 0.0 110200
1605153328394 0.0 110300
1605153350495 0.0 110400
1605153426505 0.0 110500
1605153448652 0.0 110600
1605153470785 0.0 110700
1605153492905 0.0 110800
1605153515072 0.0 110900
1605153537237 0.0 111000
1605153559368 0.0 111100
1605153581530 0.0 111200
1605153603663 0.0 111300
1605153625814 0.0 111400
1605153647942 0.0 111500
1605153670089 0.0 111600
1605153692236 0.0 111700
1605153714312 0.0 111800
1605153736385 0.0 111900
1605153758451 0.0 112000
1605153780503 0.0 112100
1605153802533 0.0 112200
1605153824570 0.0 112300
1605153846625 0.0 112400
1605153868693 0.0 112500
1605153890776 0.0 112600
1605153912976 0.0 112700
1605153935077 0.0 112800
1605153957193 0.0 112900
1605153979290 0.0 113000
1605154001396 0.0 113100
1605154023527 0.0 113200
1605154045645 0.0 113300
1605154067764 0.0 113400
1605154089927 0.0 113500
1605154112044 0.0 113600
1605154134185 0.0 113700
1605154210612 0.0 113800
1605154232715 0.0 113900
1605154254799 0.0 114000
1605154276892 0.0 114100
1605154298988 0.0 114200
1605154321112 0.0 114300
1605154343261 0.0 114400
1605154365434 0.0 114500
1605154387560 0.0 114600
1605154409673 0.0 114700
1605154431838 0.0 114800
1605154454013 0.0 114900
1605154476148 0.0 115000
1605154498241 0.0 115100
1605154520345 0.0 115200
1605154542487 0.0 115300
1605154564596 0.0 115400
1605154586691 0.0 115500
1605154608818 0.0 115600
1605154630930 0.0 115700
1605154653080 0.0 115800
1605154675237 0.0 115900
1605154697365 0.0 116000
1605154719505 0.0 116100
1605154741645 0.0 116200
1605154763822 0.0 116300
1605154785973 0.0 116400
1605154808140 0.0 116500
1605154830253 0.0 116600
1605154852300 0.0 116700
1605154874357 0.0 116800
1605154896403 0.0 116900
1605154918444 0.0 117000
1605154940505 0.0 117100
1605155016481 0.0 117200
1605155038669 0.0 117300
1605155060848 0.0 117400
1605155082995 0.0 117500
1605155105132 0.0 117600
1605155127254 0.0 117700
1605155149373 0.0 117800
1605155171500 0.0 117900
1605155193629 0.0 118000
1605155215757 0.0 118100
1605155237888 0.0 118200
1605155260034 0.0 118300
1605155282190 0.0 118400
1605155304341 0.0 118500
1605155326485 0.0 118600
1605155348635 0.0 118700
1605155370784 0.0 118800
1605155392934 0.0 118900
1605155415088 0.0 119000
1605155437241 0.0 119100
1605155459361 0.0 119200
1605155481490 0.0 119300
1605155503624 0.0 119400
1605155525760 0.0 119500
1605155547942 0.0 119600
1605155570114 0.0 119700
1605155592252 0.0 119800
1605155614373 0.0 119900
1605155636517 0.0 120000
1605155658645 0.0 120100
1605155680784 0.0 120200
1605155702923 0.0 120300
1605155725029 0.0 120400
1605155801203 0.0 120500
1605155823365 0.0 120600
1605155845447 0.0 120700
1605155867519 0.0 120800
1605155889574 0.0 120900
1605155911636 0.0 121000
1605155933752 0.0 121100
1605155955880 0.0 121200
1605155977984 0.0 121300
1605156000066 0.0 121400
1605156022096 0.0 121500
1605156044148 0.0 121600
1605156066230 0.0 121700
1605156088323 0.0 121800
1605156110387 0.0 121900
1605156132445 0.0 122000
1605156154506 0.0 122100
1605156176564 0.0 122200
1605156198627 0.0 122300
1605156220706 0.0 122400
1605156242755 0.0 122500
1605156264863 0.0 122600
1605156286935 0.0 122700
1605156308979 0.0 122800
1605156331015 0.0 122900
1605156353055 0.0 123000
1605156375103 0.0 123100
1605156397143 0.0 123200
1605156419182 0.0 123300
1605156441239 0.0 123400
1605156463280 0.0 123500
1605156485331 0.0 123600
1605156507388 0.0 123700
1605156529464 0.0 123800
1605156605423 0.0 123900
1605156627609 0.0 124000
1605156649800 0.0 124100
1605156671978 0.0 124200
1605156694082 0.0 124300
1605156716189 0.0 124400
1605156738295 0.0 124500
1605156760465 0.0 124600
1605156782619 0.0 124700
1605156804747 0.0 124800
1605156826885 0.0 124900
1605156849032 0.0 125000
1605156871213 0.0 125100
1605156893338 0.0 125200
1605156915444 0.0 125300
1605156937574 0.0 125400
1605156959735 0.0 125500
1605156981872 0.0 125600
1605157004005 0.0 125700
1605157026127 0.0 125800
1605157048248 0.0 125900
1605157070357 0.0 126000
1605157092506 0.0 126100
1605157114704 0.0 126200
1605157136896 0.0 126300
1605157159076 0.0 126400
1605157181271 0.0 126500
1605157203472 0.0 126600
1605157225656 0.0 126700
1605157247779 0.0 126800
1605157269888 0.0 126900
1605157291985 0.0 127000
1605157314092 0.0 127100
1605157390197 0.0 127200
1605157412304 0.0 127300
1605157434365 0.0 127400
1605157456437 0.0 127500
1605157478570 0.0 127600
1605157500633 0.0 127700
1605157522706 0.0 127800
1605157544791 0.0 127900
1605157566852 0.0 128000
1605157588927 0.0 128100
1605157611019 0.0 128200
1605157633108 0.0 128300
1605157655180 0.0 128400
1605157677272 0.0 128500
1605157699364 0.0 128600
1605157721473 0.0 128700
1605157743527 0.0 128800
1605157765583 0.0 128900
1605157787635 0.0 129000
1605157809694 0.0 129100
1605157831752 0.0 129200
1605157853813 0.0 129300
1605157875869 0.0 129400
1605157897923 0.0 129500
1605157919979 0.0 129600
1605157942074 0.0 129700
1605157964165 0.0 129800
1605157986258 0.0 129900
1605158008350 0.0 130000
1605158030435 0.0 130100
1605158052543 0.0 130200
1605158074659 0.0 130300
1605158096769 0.0 130400
1605158118873 0.0 130500
1605158195121 0.0 130600
1605158217307 0.0 130700
1605158239463 0.0 130800
1605158261600 0.0 130900
1605158283732 0.0 131000
1605158305871 0.0 131100
1605158328015 0.0 131200
1605158350184 0.0 131300
1605158372337 0.0 131400
1605158394498 0.0 131500
1605158416749 0.0 131600
1605158438915 0.0 131700
1605158461062 0.0 131800
1605158483217 0.0 131900
1605158505379 0.0 132000
1605158527530 0.0 132100
1605158549688 0.0 132200
1605158571833 0.0 132300
1605158593983 0.0 132400
1605158616149 0.0 132500
1605158638342 0.0 132600
1605158660533 0.0 132700
1605158682713 0.0 132800
1605158704874 0.0 132900
1605158727272 0.0 133000
1605158751355 0.0 133100
1605158773740 0.0 133200
1605158795819 0.0 133300
1605158817821 0.0 133400
1605158839828 0.0 133500
1605158861885 0.0 133600
1605158883944 0.0 133700
1605158906154 0.0 133800
1605158982314 0.0 133900
1605159004454 0.0 134000
1605159026506 0.0 134100
1605159048579 0.0 134200
1605159070695 0.0 134300
1605159092825 0.0 134400
1605159114955 0.0 134500
1605159137154 0.0 134600
1605159159309 0.0 134700
1605159181428 0.0 134800
1605159203567 0.0 134900
1605159225706 0.0 135000
1605159247804 0.0 135100
1605159269919 0.0 135200
1605159292041 0.0 135300
1605159314156 0.0 135400
1605159336253 0.0 135500
1605159358380 0.0 135600
1605159380516 0.0 135700
1605159402648 0.0 135800
1605159424781 0.0 135900
1605159446925 0.0 136000
1605159469060 0.0 136100
1605159491203 0.0 136200
1605159513374 0.0 136300
1605159535532 0.0 136400
1605159557645 0.0 136500
1605159579744 0.0 136600
1605159601860 0.0 136700
1605159623989 0.0 136800
1605159646124 0.0 136900
1605159668261 0.0 137000
1605159690380 0.0 137100
1605159712483 0.0 137200
1605159788494 0.0 137300
1605159810556 0.0 137400
1605159832618 0.0 137500
1605159854688 0.0 137600
1605159876753 0.0 137700
1605159898817 0.0 137800
1605159920876 0.0 137900
1605159942936 0.0 138000
1605159965005 0.0 138100
1605159987082 0.0 138200
1605160009188 0.0 138300
1605160031319 0.0 138400
1605160053463 0.0 138500
1605160075583 0.0 138600
1605160097727 0.0 138700
1605160119886 0.0 138800
1605160142049 0.0 138900
1605160164198 0.0 139000
1605160186412 0.0 139100
1605160208604 0.0 139200
1605160230777 0.0 139300
1605160252933 0.0 139400
1605160275073 0.0 139500
1605160297229 0.0 139600
1605160319398 0.0 139700
1605160341592 0.0 139800
1605160363690 0.0 139900
1605160385816 0.0 140000
1605160407910 0.0 140100
1605160430020 0.0 140200
1605160452176 0.0 140300
1605160474250 0.0 140400
1605160496320 0.0 140500
1605160572497 0.0 140600
1605160594700 0.0 140700
1605160616833 0.0 140800
1605160638944 0.0 140900
1605160661055 0.0 141000
1605160683174 0.0 141100
1605160705309 0.0 141200
1605160727482 0.0 141300
1605160749639 0.0 141400
1605160771809 0.0 141500
1605160793960 0.0 141600
1605160816089 0.0 141700
1605160838219 0.0 141800
1605160860322 0.0 141900
1605160882423 0.0 142000
1605160904596 0.0 142100
1605160926735 0.0 142200
1605160948846 0.0 142300
1605160970976 0.0 142400
1605160993115 0.0 142500
1605161015219 0.0 142600
1605161037371 0.0 142700
1605161059504 0.0 142800
1605161081619 0.0 142900
1605161103729 0.0 143000
1605161125835 0.0 143100
1605161147944 0.0 143200
1605161170075 0.0 143300
1605161192256 0.0 143400
1605161214402 0.0 143500
1605161236555 0.0 143600
1605161258742 0.0 143700
1605161280913 0.0 143800
1605161303072 0.0 143900
1605161379246 0.0 144000
1605161401360 0.0 144100
1605161423477 0.0 144200
1605161445702 0.0 144300
1605161467858 0.0 144400
1605161489961 0.0 144500
1605161512052 0.0 144600
1605161534144 0.0 144700
1605161556224 0.0 144800
1605161578453 0.0 144900
1605161600644 0.0 145000
1605161622844 0.0 145100
1605161644996 0.0 145200
1605161667067 0.0 145300
1605161689136 0.0 145400
1605161711219 0.0 145500
1605161733312 0.0 145600
1605161755399 0.0 145700
1605161777558 0.0 145800
1605161799747 0.0 145900
1605161821881 0.0 146000
1605161844060 0.0 146100
1605161866188 0.0 146200
1605161888316 0.0 146300
1605161910416 0.0 146400
1605161932517 0.0 146500
1605161954712 0.0 146600
1605161976935 0.0 146700
1605161999066 0.0 146800
1605162021159 0.0 146900
1605162043271 0.0 147000
1605162065372 0.0 147100
1605162087458 0.0 147200
1605162163627 0.0 147300
1605162185803 0.0 147400
1605162207990 0.0 147500
1605162230168 0.0 147600
1605162252318 0.0 147700
1605162274514 0.0 147800
1605162296648 0.0 147900
1605162318783 0.0 148000
1605162340911 0.0 148100
1605162363032 0.0 148200
1605162385155 0.0 148300
1605162407282 0.0 148400
1605162429390 0.0 148500
1605162451524 0.0 148600
1605162473641 0.0 148700
1605162495759 0.0 148800
1605162517894 0.0 148900
1605162540020 0.0 149000
1605162562220 0.0 149100
1605162584403 0.0 149200
1605162606549 0.0 149300
1605162628716 0.0 149400
1605162650891 0.0 149500
1605162673030 0.0 149600
1605162695156 0.0 149700
1605162717288 0.0 149800
1605162739426 0.0 149900
1605162761614 0.0 150000
1605162783789 0.0 150100
1605162805965 0.0 150200
1605162828113 0.0 150300
1605162850227 0.0 150400
1605162872334 0.0 150500
1605162894433 0.0 150600
1605162970740 0.0 150700
1605162992876 0.0 150800
1605163015009 0.0 150900
1605163037112 0.0 151000
1605163059219 0.0 151100
1605163081341 0.0 151200
1605163103582 0.0 151300
1605163125824 0.0 151400
1605163147992 0.0 151500
1605163170163 0.0 151600
1605163192267 0.0 151700
1605163214345 0.0 151800
1605163236415 0.0 151900
1605163258520 0.0 152000
1605163280712 0.0 152100
1605163302841 0.0 152200
1605163324948 0.0 152300
1605163347061 0.0 152400
1605163369174 0.0 152500
1605163391312 0.0 152600
1605163413554 0.0 152700
1605163435805 0.0 152800
1605163458046 0.0 152900
1605163480235 0.0 153000
1605163502347 0.0 153100
1605163524429 0.0 153200
1605163546519 0.0 153300
1605163568612 0.0 153400
1605163590715 0.0 153500
1605163612829 0.0 153600
1605163635012 0.0 153700
1605163657222 0.0 153800
1605163679427 0.0 153900
1605163755832 0.0 154000
1605163778014 0.0 154100
1605163800192 0.0 154200
1605163822368 0.0 154300
1605163844544 0.0 154400
1605163866697 0.0 154500
1605163888836 0.0 154600
1605163911030 0.0 154700
1605163933230 0.0 154800
1605163955395 0.0 154900
1605163977568 0.0 155000
1605163999784 0.0 155100
1605164021996 0.0 155200
1605164044167 0.0 155300
1605164066339 0.0 155400
1605164088510 0.0 155500
1605164110653 0.0 155600
1605164132806 0.0 155700
1605164154957 0.0 155800
1605164177111 0.0 155900
1605164199262 0.0 156000
1605164221422 0.0 156100
1605164243604 0.0 156200
1605164265767 0.0 156300
1605164287930 0.0 156400
1605164310133 0.0 156500
1605164332306 0.0 156600
1605164354461 0.0 156700
1605164376613 0.0 156800
1605164398783 0.0 156900
1605164420985 0.0 157000
1605164443159 0.0 157100
1605164465352 0.0 157200
1605164487557 0.0 157300
1605164563877 0.0 157400
1605164585986 0.0 157500
1605164608119 0.0 157600
1605164630158 0.0 157700
1605164652220 0.0 157800
1605164674275 0.0 157900
1605164696327 0.0 158000
1605164718391 0.0 158100
1605164740427 0.0 158200
1605164762486 0.0 158300
1605164784523 0.0 158400
1605164806571 0.0 158500
1605164828601 0.0 158600
1605164850618 0.0 158700
1605164872626 0.0 158800
1605164894632 0.0 158900
1605164916629 0.0 159000
1605164938625 0.0 159100
1605164960634 0.0 159200
1605164982631 0.0 159300
1605165004638 0.0 159400
1605165026635 0.0 159500
1605165048622 0.0 159600
1605165070634 0.0 159700
1605165092686 0.0 159800
1605165114680 0.0 159900
1605165136670 0.0 160000
1605165158661 0.0 160100
1605165180653 0.0 160200
1605165202654 0.0 160300
1605165224654 0.0 160400
1605165246650 0.0 160500
1605165268716 0.0 160600
1605165344995 0.0 160700
1605165367192 0.0 160800
1605165389348 0.0 160900
1605165411516 0.0 161000
1605165433741 0.0 161100
1605165455950 0.0 161200
1605165478155 0.0 161300
1605165500373 0.0 161400
1605165522580 0.0 161500
1605165544780 0.0 161600
1605165566993 0.0 161700
1605165589195 0.0 161800
1605165611403 0.0 161900
1605165633626 0.0 162000
1605165655847 0.0 162100
1605165678082 0.0 162200
1605165700294 0.0 162300
1605165722478 0.0 162400
1605165744681 0.0 162500
1605165766860 0.0 162600
1605165789079 0.0 162700
1605165811289 0.0 162800
1605165833504 0.0 162900
1605165855658 0.0 163000
1605165877823 0.0 163100
1605165899965 0.0 163200
1605165922100 0.0 163300
1605165944274 0.0 163400
1605165966535 0.0 163500
1605165988732 0.0 163600
1605166010845 0.0 163700
1605166032989 0.0 163800
1605166055162 0.0 163900
1605166077328 0.0 164000
1605166153426 0.0 164100
1605166175569 0.0 164200
1605166197757 0.0 164300
1605166219950 0.0 164400
1605166242095 0.0 164500
1605166264253 0.0 164600
1605166286410 0.0 164700
1605166308605 0.0 164800
1605166330745 0.0 164900
1605166352888 0.0 165000
1605166375051 0.0 165100
1605166397206 0.0 165200
1605166419332 0.0 165300
1605166441473 0.0 165400
1605166463582 0.0 165500
1605166485653 0.0 165600
1605166507724 0.0 165700
1605166529867 0.0 165800
1605166551974 0.0 165900
1605166574061 0.0 166000
1605166596157 0.0 166100
1605166618276 0.0 166200
1605166640383 0.0 166300
1605166662489 0.0 166400
1605166684580 0.0 166500
1605166706652 0.0 166600
1605166728722 0.0 166700
1605166750801 0.0 166800
1605166772873 0.0 166900
1605166794947 0.0 167000
1605166817017 0.0 167100
1605166839091 0.0 167200
1605166861165 0.0 167300
