1605127172450 -0.5609257221221924 0
1605127195205 -0.5726036429405212 100
1605127218541 -0.5779770016670227 200
1605127241001 -0.5769771933555603 300
1605127263511 -0.5497060418128967 400
1605127286263 -0.5754733085632324 500
1605127309029 -0.5789824724197388 600
1605127331619 -0.578721821308136 700
1605127354544 -0.5707880854606628 800
1605127377308 -0.5840950608253479 900
1605127399784 -0.5562412738800049 1000
1605127421841 -0.5908846855163574 1100
1605127444011 -0.5124914646148682 1200
1605127466493 -0.5812383890151978 1300
1605127488996 -0.5770441889762878 1400
1605127512392 -0.573701024055481 1500
1605127534854 -0.5697007775306702 1600
1605127557647 -0.5647358894348145 1700
1605127580218 -0.5729939341545105 1800
1605127602352 -0.5065337419509888 1900
1605127624746 -0.512047529220581 2000
1605127646946 -0.5645930171012878 2100
1605127669092 -0.5708374381065369 2200
1605127691129 -0.5701019167900085 2300
1605127713679 -0.4963078498840332 2400
1605127735776 -0.5781735777854919 2500
1605127757748 -0.508159339427948 2600
1605127779837 -0.5068557858467102 2700
1605127801910 -0.5614922642707825 2800
1605127823902 -0.557259202003479 2900
1605127845889 -0.6335415244102478 3000
1605127867879 -0.5432546734809875 3100
1605127889872 -0.5654433965682983 3200
1605127911800 -0.5596511363983154 3300
1605127989033 -0.523009181022644 3400
1605128011172 -0.5608948469161987 3500
1605128033150 -0.572852611541748 3600
1605128055117 -0.5062684416770935 3700
1605128077072 -0.5291112661361694 3800
1605128099059 -0.548771321773529 3900
1605128121045 -0.5125680565834045 4000
1605128143049 -0.5469486117362976 4100
1605128165072 -0.5513399839401245 4200
1605128187082 -0.5817075371742249 4300
1605128209117 -0.5852730870246887 4400
1605128231144 -0.633457601070404 4500
1605128253160 -0.5823146104812622 4600
1605128275194 -0.4873814582824707 4700
1605128297236 -0.4928499758243561 4800
1605128319268 -0.4598765969276428 4900
1605128341348 -0.5447008013725281 5000
1605128363473 -0.49536001682281494 5100
1605128385493 -0.5592669248580933 5200
1605128407519 -0.5804781913757324 5300
1605128429548 -0.4440131187438965 5400
1605128451585 -0.5879231691360474 5500
1605128473627 -0.4287393093109131 5600
1605128495675 -0.5607376098632812 5700
1605128517724 -0.5421193838119507 5800
1605128539762 -0.5705924034118652 5900
1605128561783 -0.5439541339874268 6000
1605128583855 -0.5309199690818787 6100
1605128605881 -0.41753682494163513 6200
1605128627916 -0.520699143409729 6300
1605128649941 -0.49320465326309204 6400
1605128671961 -0.2587369680404663 6500
1605128693998 -0.5336304903030396 6600
1605128771254 -0.585599422454834 6700
1605128793331 -0.5207700133323669 6800
1605128815421 -0.43000876903533936 6900
1605128837509 -0.5386117696762085 7000
1605128860222 -0.4771612882614136 7100
1605128882943 -0.5464109778404236 7200
1605128905110 -0.5351212024688721 7300
1605128927297 -0.5354551076889038 7400
1605128949434 -0.5030128359794617 7500
1605128971550 -0.3234817087650299 7600
1605128993680 -0.3962772488594055 7700
1605129015799 -0.5168731808662415 7800
1605129038229 -0.553948700428009 7900
1605129061132 -0.502364456653595 8000
1605129083676 -0.5496929883956909 8100
1605129106803 -0.5349879264831543 8200
1605129129432 -0.5453060865402222 8300
1605129153411 -0.5129063725471497 8400
1605129177499 -0.4152929186820984 8500
1605129201269 -0.5649016499519348 8600
1605129223970 -0.49903252720832825 8700
1605129247721 -0.49684521555900574 8800
1605129271693 -0.3830590546131134 8900
1605129294910 -0.49248912930488586 9000
1605129317339 -0.5347861647605896 9100
1605129339460 -0.5757213234901428 9200
1605129361569 -0.43792009353637695 9300
1605129383702 -0.4815334677696228 9400
1605129405847 -0.4447457790374756 9500
1605129427987 -0.5248129963874817 9600
1605129450118 -0.5774813294410706 9700
1605129472237 -0.5402907133102417 9800
1605129494355 -0.46446892619132996 9900
1605129516474 -0.4309896230697632 10000
1605129594288 -0.5098857879638672 10100
1605129616369 -0.38650622963905334 10200
1605129638407 -0.3594587445259094 10300
1605129660473 -0.5854246020317078 10400
1605129682551 -0.41904178261756897 10500
1605129704610 -0.4948869049549103 10600
1605129726674 -0.522939920425415 10700
1605129748870 -0.49440810084342957 10800
1605129770923 -0.43649861216545105 10900
1605129793008 -0.425947368144989 11000
1605129815088 -0.45474258065223694 11100
1605129837376 -0.4209149181842804 11200
1605129859422 -0.39065349102020264 11300
1605129881449 -0.642745852470398 11400
1605129903496 -0.5276591181755066 11500
1605129925550 -0.4541352093219757 11600
1605129947545 -0.5383362174034119 11700
1605129969540 -0.48691222071647644 11800
1605129991537 -0.3164750635623932 11900
1605130013544 -0.3839389979839325 12000
1605130035541 -0.5896806120872498 12100
1605130057519 -0.46631184220314026 12200
1605130079512 -0.46228519082069397 12300
1605130101517 -0.5276371836662292 12400
1605130123517 -0.42242351174354553 12500
1605130145514 -0.5009112358093262 12600
1605130167506 -0.5517932772636414 12700
1605130189500 -0.37900781631469727 12800
1605130211483 -0.4476790726184845 12900
1605130233495 -0.39666178822517395 13000
1605130255498 -0.45179930329322815 13100
1605130277499 -0.3757984936237335 13200
1605130299507 -0.5153263211250305 13300
1605130376223 -0.4052670896053314 13400
1605130398175 -0.47240254282951355 13500
1605130420119 -0.5427329540252686 13600
1605130442058 -0.3335096538066864 13700
1605130463994 -0.4868229031562805 13800
1605130485958 -0.4400644302368164 13900
1605130507935 -0.6192215085029602 14000
1605130529917 -0.32640719413757324 14100
1605130551901 -0.3919075131416321 14200
1605130573899 -0.5785371661186218 14300
1605130595874 -0.4324197471141815 14400
1605130617843 -0.4993293285369873 14500
1605130639819 -0.5634788870811462 14600
1605130661810 -0.4334600269794464 14700
1605130683741 -0.32261762022972107 14800
1605130705680 -0.5161488652229309 14900
1605130727629 -0.3774173855781555 15000
1605130749576 -0.49541208148002625 15100
1605130771532 -0.29088521003723145 15200
1605130793637 -0.40350764989852905 15300
1605130815634 -0.4341444969177246 15400
1605130837605 -0.39842069149017334 15500
1605130859567 -0.46438702940940857 15600
1605130881496 -0.20312681794166565 15700
1605130903460 -0.35980871319770813 15800
1605130925445 -0.3707456588745117 15900
1605130947381 -0.5094941854476929 16000
1605130969401 -0.5401607155799866 16100
1605130991418 -0.3470056354999542 16200
1605131013352 -0.42287135124206543 16300
1605131035377 -0.3844749331474304 16400
1605131057357 -0.48049065470695496 16500
1605131079339 -0.4325806498527527 16600
1605131101306 -0.670658528804779 16700
1605131178217 -0.45016953349113464 16800
1605131200085 -0.4578547179698944 16900
1605131222026 -0.4858143925666809 17000
1605131243960 -0.48840391635894775 17100
1605131265895 -0.47252729535102844 17200
1605131287860 -0.5452147722244263 17300
1605131309819 -0.30227553844451904 17400
1605131331764 -0.5022997260093689 17500
1605131353710 -0.3831007778644562 17600
1605131375656 -0.5151653289794922 17700
1605131397600 -0.5299209356307983 17800
1605131419542 -0.5839490294456482 17900
1605131441476 -0.44899365305900574 18000
1605131463463 -0.5250285267829895 18100
1605131485444 -0.4567282795906067 18200
1605131507423 -0.5486557483673096 18300
1605131529402 -0.5536717772483826 18400
1605131551404 -0.3018306791782379 18500
1605131573356 -0.3679521977901459 18600
1605131595317 -0.4832082986831665 18700
1605131617257 -0.4107213616371155 18800
1605131639203 -0.35226792097091675 18900
1605131661139 -0.4157428741455078 19000
1605131683058 -0.5453116297721863 19100
1605131704991 -0.5591012835502625 19200
1605131726925 -0.48486649990081787 19300
1605131748854 -0.40551915764808655 19400
1605131770816 -0.48677289485931396 19500
1605131792772 -0.5009543299674988 19600
1605131814727 -0.37611082196235657 19700
1605131836681 -0.39595088362693787 19800
1605131858632 -0.41119787096977234 19900
1605131880570 -0.36061134934425354 20000
1605131957194 -0.47208210825920105 20100
1605131979211 -0.3754507899284363 20200
1605132001248 -0.4148513376712799 20300
1605132023299 -0.3687153160572052 20400
1605132045363 -0.4779234826564789 20500
1605132067444 -0.5257334113121033 20600
1605132089509 -0.5343281626701355 20700
1605132111592 -0.5218017101287842 20800
1605132133676 -0.5146785974502563 20900
1605132155737 -0.30659282207489014 21000
1605132177786 -0.48665139079093933 21100
1605132199835 -0.5057294964790344 21200
1605132221925 -0.4575559198856354 21300
1605132243930 -0.49183955788612366 21400
1605132265941 -0.36840370297431946 21500
1605132287937 -0.43509984016418457 21600
1605132309938 -0.4377163052558899 21700
1605132331947 -0.36179855465888977 21800
1605132353959 -0.4336799085140228 21900
1605132375958 -0.4517984688282013 22000
1605132397968 -0.45974570512771606 22100
1605132419997 -0.4822329580783844 22200
1605132441996 -0.4186379313468933 22300
1605132464025 -0.4816400110721588 22400
1605132486040 -0.4846644401550293 22500
1605132508055 -0.3840230703353882 22600
1605132530076 -0.435595840215683 22700
1605132552092 -0.393532931804657 22800
1605132574099 -0.4343280494213104 22900
1605132596107 -0.5125253200531006 23000
1605132618122 -0.5358299612998962 23100
1605132640120 -0.4932582974433899 23200
1605132662125 -0.43547970056533813 23300
1605132684115 -0.5214636325836182 23400
1605132761266 -0.5768176317214966 23500
1605132783449 -0.29461753368377686 23600
1605132805614 -0.3441256880760193 23700
1605132827788 -0.5238569378852844 23800
1605132849967 -0.45615318417549133 23900
1605132872141 -0.3736155331134796 24000
1605132894319 -0.4575450122356415 24100
1605132916493 -0.41706448793411255 24200
1605132938674 -0.47246211767196655 24300
1605132960817 -0.42992734909057617 24400
1605132982968 -0.3521994650363922 24500
1605133005114 -0.5067882537841797 24600
1605133027261 -0.23883052170276642 24700
1605133049411 -0.3628387451171875 24800
1605133071555 -0.45907607674598694 24900
1605133093695 -0.5243139863014221 25000
1605133115831 -0.5338414907455444 25100
1605133137961 -0.5269336700439453 25200
1605133160121 -0.4065280854701996 25300
1605133182330 -0.2571963667869568 25400
1605133204534 -0.47403186559677124 25500
1605133226741 -0.5398666858673096 25600
1605133248895 -0.48860806226730347 25700
1605133271010 -0.48135697841644287 25800
1605133293182 -0.5401633381843567 25900
1605133315385 -0.2537088096141815 26000
1605133337558 -0.4423132836818695 26100
1605133359742 -0.4152745008468628 26200
1605133381909 -0.35448160767555237 26300
1605133404037 -0.3341549336910248 26400
1605133426162 -0.443498820066452 26500
1605133448318 -0.5063254237174988 26600
1605133470447 -0.28201824426651 26700
1605133547562 -0.501090943813324 26800
1605133569692 -0.3359418511390686 26900
1605133591829 -0.3306417763233185 27000
1605133613966 -0.3456895351409912 27100
1605133636111 -0.37047892808914185 27200
1605133658254 -0.35885360836982727 27300
1605133680392 -0.21240735054016113 27400
1605133702538 -0.2827146649360657 27500
1605133724686 -0.541439950466156 27600
1605133746840 -0.5227686762809753 27700
1605133769035 -0.28839507699012756 27800
1605133791176 -0.30186015367507935 27900
1605133813321 -0.4495103359222412 28000
1605133835467 -0.2674131393432617 28100
1605133857620 -0.3585677146911621 28200
1605133879788 -0.4303838908672333 28300
1605133901940 -0.2583397328853607 28400
1605133924081 -0.3243717551231384 28500
1605133946251 -0.4983717203140259 28600
1605133968441 -0.33899763226509094 28700
1605133990618 -0.4531175494194031 28800
1605134012800 -0.28755122423171997 28900
1605134034962 -0.34879571199417114 29000
1605134057110 -0.40204811096191406 29100
1605134079285 -0.513753354549408 29200
1605134101474 -0.4083981215953827 29300
1605134123649 -0.5254377126693726 29400
1605134145790 -0.4477204382419586 29500
1605134167968 -0.40746575593948364 29600
1605134190148 -0.5327431559562683 29700
1605134212344 -0.3388364911079407 29800
1605134234522 -0.475309282541275 29900
1605134256700 -0.6151337027549744 30000
1605134278864 -0.502670168876648 30100
1605134356048 -0.43594667315483093 30200
1605134378182 -0.4125564694404602 30300
1605134400272 -0.3519788384437561 30400
1605134422367 -0.2563701570034027 30500
1605134444448 -0.4798002243041992 30600
1605134466600 -0.3042576313018799 30700
1605134488751 -0.47116637229919434 30800
1605134510837 -0.4007265269756317 30900
1605134532936 -0.45397961139678955 31000
1605134555024 -0.24188809096813202 31100
1605134577122 -0.33618319034576416 31200
1605134599227 -0.3816964030265808 31300
1605134621312 -0.3659015893936157 31400
1605134643402 -0.2654537558555603 31500
1605134665500 -0.46452680230140686 31600
1605134687598 -0.4403296411037445 31700
1605134709679 -0.43320468068122864 31800
1605134731783 -0.318973183631897 31900
1605134753863 -0.4918724298477173 32000
1605134775970 -0.4490693509578705 32100
1605134798113 -0.25812554359436035 32200
1605134820201 -0.40220001339912415 32300
1605134842263 -0.22346711158752441 32400
1605134864360 -0.18930961191654205 32500
1605134886483 -0.6056762337684631 32600
1605134908613 -0.49947211146354675 32700
1605134930731 -0.26199257373809814 32800
1605134952782 -0.31802603602409363 32900
1605134974838 -0.3132123351097107 33000
1605134996904 -0.33923423290252686 33100
1605135018982 -0.4241277575492859 33200
1605135041054 -0.19808898866176605 33300
1605135063111 -0.40520790219306946 33400
1605135140448 -0.4901624917984009 33500
1605135162620 -0.33033469319343567 33600
1605135184775 -0.456436425447464 33700
1605135206945 -0.3404332101345062 33800
1605135229116 -0.38979479670524597 33900
1605135251288 -0.4491097033023834 34000
1605135273443 -0.37949123978614807 34100
1605135295612 -0.3339007496833801 34200
1605135317763 -0.3179222047328949 34300
1605135339923 -0.49597132205963135 34400
1605135362042 -0.3651933968067169 34500
1605135384166 -0.5512514114379883 34600
1605135406314 -0.2713298499584198 34700
1605135428466 -0.3158443570137024 34800
1605135450619 -0.35785987973213196 34900
1605135472743 -0.37060433626174927 35000
1605135494860 -0.4069788157939911 35100
1605135516963 -0.3523383140563965 35200
1605135539065 -0.5096336603164673 35300
1605135561187 -0.2552122175693512 35400
1605135583306 -0.3349558115005493 35500
1605135605387 -0.28418442606925964 35600
1605135627469 -0.24156813323497772 35700
1605135649571 -0.4915042817592621 35800
1605135671703 -0.4491102695465088 35900
1605135693796 -0.34869012236595154 36000
1605135715928 -0.41389334201812744 36100
1605135738080 -0.38730669021606445 36200
1605135760225 -0.2775866687297821 36300
1605135782319 -0.432369202375412 36400
1605135804406 -0.42923128604888916 36500
1605135826500 -0.3615858256816864 36600
1605135848587 -0.5590841174125671 36700
1605135870681 -0.27790218591690063 36800
1605135947727 -0.36982348561286926 36900
1605135969826 -0.39480796456336975 37000
1605135991946 -0.3019029200077057 37100
1605136014136 -0.1442798376083374 37200
1605136036321 -0.39463430643081665 37300
1605136058483 -0.42029979825019836 37400
1605136080675 -0.4320346415042877 37500
1605136102904 -0.37799423933029175 37600
1605136125086 -0.27403995394706726 37700
1605136147262 -0.281283974647522 37800
1605136169502 -0.5122567415237427 37900
1605136191716 -0.40217363834381104 38000
1605136213926 -0.32272180914878845 38100
1605136236128 -0.28395596146583557 38200
1605136258316 -0.4436541795730591 38300
1605136280529 -0.11385168880224228 38400
1605136302722 -0.31524309515953064 38500
1605136324892 -0.3030693233013153 38600
1605136347036 -0.36343279480934143 38700
1605136369208 -0.3873406946659088 38800
1605136391395 -0.3212519586086273 38900
1605136413572 -0.33449143171310425 39000
1605136435689 -0.5524323582649231 39100
1605136457817 -0.500097930431366 39200
1605136479925 -0.3890244960784912 39300
1605136502012 -0.42869046330451965 39400
1605136524126 -0.28159061074256897 39500
1605136546228 -0.5662180781364441 39600
1605136568346 -0.2273588925600052 39700
1605136590500 -0.4376778304576874 39800
1605136612654 -0.3062284290790558 39900
1605136634767 -0.40141674876213074 40000
1605136656862 -0.4080651104450226 40100
1605136733762 -0.3721233606338501 40200
1605136755928 -0.3384535610675812 40300
1605136778093 -0.28576311469078064 40400
1605136800227 -0.49849367141723633 40500
1605136822355 -0.4068606495857239 40600
1605136844481 -0.4485246241092682 40700
1605136866591 -0.3126712739467621 40800
1605136888710 -0.36268410086631775 40900
1605136910813 -0.3662545382976532 41000
1605136932915 -0.356884628534317 41100
1605136955030 -0.3954141438007355 41200
1605136977229 -0.4739235043525696 41300
1605136999387 -0.2786165177822113 41400
1605137021484 -0.43394145369529724 41500
1605137043599 -0.40398675203323364 41600
1605137065694 -0.4480288028717041 41700
1605137087790 -0.4388250708580017 41800
1605137109905 -0.3381574749946594 41900
1605137132089 -0.3979152739048004 42000
1605137154234 -0.5060337781906128 42100
1605137176341 -0.2839931547641754 42200
1605137198501 -0.3345349431037903 42300
1605137220672 -0.340785413980484 42400
1605137242823 -0.43526434898376465 42500
1605137264980 -0.32906123995780945 42600
1605137287148 -0.26283860206604004 42700
1605137309270 -0.49339330196380615 42800
1605137331389 -0.4010661840438843 42900
1605137353489 -0.2048562467098236 43000
1605137375566 -0.4009120762348175 43100
1605137397656 -0.41435950994491577 43200
1605137419773 -0.4575863480567932 43300
1605137441886 -0.39395713806152344 43400
1605137464005 -0.33793655037879944 43500
1605137541153 -0.26152825355529785 43600
1605137563226 -0.4579499661922455 43700
1605137585326 -0.3421480357646942 43800
1605137607403 -0.3993362486362457 43900
1605137629481 -0.2311660349369049 44000
1605137651564 -0.32767176628112793 44100
1605137673648 -0.43026202917099 44200
1605137695733 -0.2650211751461029 44300
1605137717813 -0.47234368324279785 44400
1605137739892 -0.3485884964466095 44500
1605137761972 -0.42881065607070923 44600
1605137784056 -0.2788088619709015 44700
1605137806126 -0.33399850130081177 44800
1605137828204 -0.2644602060317993 44900
1605137850280 -0.5103033781051636 45000
1605137872391 -0.3722139596939087 45100
1605137894512 -0.228138729929924 45200
1605137916594 -0.2536855638027191 45300
1605137938709 -0.33239105343818665 45400
1605137960870 -0.38259756565093994 45500
1605137982994 -0.4514651894569397 45600
1605138005120 -0.4219587445259094 45700
1605138027277 -0.3540203869342804 45800
1605138049406 -0.40240544080734253 45900
1605138071536 -0.4412076771259308 46000
1605138093634 -0.25751781463623047 46100
1605138115754 -0.29995226860046387 46200
1605138137896 -0.40908461809158325 46300
1605138159979 -0.35793519020080566 46400
1605138182064 -0.43468618392944336 46500
1605138204169 -0.45298776030540466 46600
1605138226307 -0.5255202054977417 46700
1605138248435 -0.5193660855293274 46800
1605138325568 -0.4477072060108185 46900
1605138347732 -0.5410352945327759 47000
1605138369876 -0.2993123531341553 47100
1605138392038 -0.39734435081481934 47200
1605138414216 -0.2787621319293976 47300
1605138436365 -0.3184834420681 47400
1605138458459 -0.36207136511802673 47500
1605138480567 -0.46254342794418335 47600
1605138502679 -0.41909632086753845 47700
1605138524778 -0.5143124461174011 47800
1605138546879 -0.23454661667346954 47900
1605138568979 -0.42392465472221375 48000
1605138591107 -0.5677598118782043 48100
1605138613224 -0.35069411993026733 48200
1605138635320 -0.33104121685028076 48300
1605138657458 -0.40116697549819946 48400
1605138679622 -0.4314221143722534 48500
1605138701763 -0.35948190093040466 48600
1605138723902 -0.36187395453453064 48700
1605138746062 -0.33273985981941223 48800
1605138768262 -0.320514440536499 48900
1605138790402 -0.4945155084133148 49000
1605138812521 -0.405466765165329 49100
1605138834665 -0.4323531985282898 49200
1605138856801 -0.3309308588504791 49300
1605138878907 -0.35254040360450745 49400
1605138901012 -0.19689595699310303 49500
1605138923108 -0.24242925643920898 49600
1605138945223 -0.5116568803787231 49700
1605138967358 -0.3141506314277649 49800
1605138989496 -0.30412137508392334 49900
1605139011644 -0.2839285731315613 50000
1605139033765 -0.4234684109687805 50100
1605139055890 -0.326864629983902 50200
1605139133144 -0.44091489911079407 50300
1605139155253 -0.2535432279109955 50400
1605139177393 -0.3770431578159332 50500
1605139199523 -0.39774090051651 50600
1605139221667 -0.3379232585430145 50700
1605139243789 -0.4304106831550598 50800
1605139265904 -0.4955913722515106 50900
1605139288011 -0.34891122579574585 51000
1605139310139 -0.4025880694389343 51100
1605139332299 -0.40861088037490845 51200
1605139354434 -0.55878746509552 51300
1605139376579 -0.4102824032306671 51400
1605139398706 -0.4213561415672302 51500
1605139420815 -0.40052708983421326 51600
1605139443007 -0.5085088014602661 51700
1605139465161 -0.3214348554611206 51800
1605139487309 -0.19401519000530243 51900
1605139509457 -0.2604278028011322 52000
1605139531606 -0.5530379414558411 52100
1605139553747 -0.4000541567802429 52200
1605139575917 -0.3162350356578827 52300
1605139598008 -0.3570944368839264 52400
1605139620112 -0.28440675139427185 52500
1605139642221 -0.4167620539665222 52600
1605139664331 -0.6236440539360046 52700
1605139686416 -0.3930128812789917 52800
1605139708504 -0.39714816212654114 52900
1605139730590 -0.4410136640071869 53000
1605139752678 -0.4613839089870453 53100
1605139774764 -0.4444485604763031 53200
1605139796854 -0.519432008266449 53300
1605139818938 -0.45682457089424133 53400
1605139841032 -0.36523497104644775 53500
1605139917764 -0.24365390837192535 53600
1605139939852 -0.3051292598247528 53700
1605139961915 -0.34569525718688965 53800
1605139984007 -0.40807288885116577 53900
1605140006174 -0.35352641344070435 54000
1605140028290 -0.21961148083209991 54100
1605140050402 -0.3039023280143738 54200
1605140072528 -0.35635286569595337 54300
1605140094661 -0.3019029200077057 54400
1605140116796 -0.258068323135376 54500
1605140138907 -0.222158744931221 54600
1605140161042 -0.45759934186935425 54700
1605140183176 -0.5237603783607483 54800
1605140205288 -0.314932256937027 54900
1605140227417 -0.26450321078300476 55000
1605140249577 -0.40897446870803833 55100
1605140271658 -0.3957536816596985 55200
1605140293735 -0.5639245510101318 55300
1605140315807 -0.2472786009311676 55400
1605140337866 -0.3897944390773773 55500
1605140359920 -0.10391970723867416 55600
1605140381978 -0.5333793759346008 55700
1605140404055 -0.240707665681839 55800
1605140426175 -0.31639179587364197 55900
1605140448267 -0.29935818910598755 56000
1605140470364 -0.3944622576236725 56100
1605140492467 -0.41528046131134033 56200
1605140514575 -0.26047974824905396 56300
1605140536710 -0.2599819600582123 56400
1605140558900 -0.16505521535873413 56500
1605140581025 -0.3536703884601593 56600
1605140603107 -0.2883742153644562 56700
1605140625178 -0.3670271635055542 56800
1605140702528 -0.46106594800949097 56900
1605140724673 -0.23439431190490723 57000
1605140746815 -0.330992728471756 57100
1605140768956 -0.33739620447158813 57200
1605140791061 -0.26352018117904663 57300
1605140813137 -0.3854042887687683 57400
1605140835219 -0.275688111782074 57500
1605140857378 -0.42419111728668213 57600
1605140879527 -0.3301599621772766 57700
1605140901631 -0.29539546370506287 57800
1605140923652 -0.5453194975852966 57900
1605140945679 -0.22774271667003632 58000
1605140967712 -0.4460994005203247 58100
1605140989753 -0.32198378443717957 58200
1605141011814 -0.3682922422885895 58300
1605141033872 -0.28591418266296387 58400
1605141055928 -0.25587987899780273 58500
1605141078055 -0.27121326327323914 58600
1605141100182 -0.23522600531578064 58700
1605141122342 -0.3650093376636505 58800
1605141144500 -0.45545175671577454 58900
1605141166662 -0.4089830219745636 59000
1605141188838 -0.2501317858695984 59100
1605141210974 -0.41072288155555725 59200
1605141233095 -0.3091180920600891 59300
1605141255220 -0.2058965414762497 59400
1605141277346 -0.33391067385673523 59500
1605141299441 -0.5046490430831909 59600
1605141321590 -0.15952973067760468 59700
1605141343737 -0.3537357747554779 59800
1605141365878 -0.20249196887016296 59900
1605141388003 -0.10888363420963287 60000
1605141410137 -0.3548929989337921 60100
1605141432280 -0.30422863364219666 60200
1605141509148 -0.5020020008087158 60300
1605141531340 -0.4121127128601074 60400
1605141553504 -0.11564826220273972 60500
1605141575674 -0.33643534779548645 60600
1605141597739 -0.17571347951889038 60700
1605141619839 -0.31537261605262756 60800
1605141641921 -0.21580839157104492 60900
1605141663985 -0.3217402994632721 61000
1605141686172 -0.32064351439476013 61100
1605141708215 -0.27888286113739014 61200
1605141730259 -0.41528958082199097 61300
1605141752316 -0.18657539784908295 61400
1605141774485 -0.4658908545970917 61500
1605141796619 -0.31945401430130005 61600
1605141818722 -0.3937888741493225 61700
1605141840859 -0.3600331246852875 61800
1605141863005 -0.38252249360084534 61900
1605141885089 -0.2296999990940094 62000
1605141907160 -0.2717260718345642 62100
1605141929223 -0.30145925283432007 62200
1605141951287 -0.4896520972251892 62300
1605141973394 -0.5360182523727417 62400
1605141995502 -0.2987673580646515 62500
1605142017582 -0.3826774060726166 62600
1605142039635 -0.31775009632110596 62700
1605142061677 -0.43709975481033325 62800
1605142083711 -0.18148072063922882 62900
1605142105762 -0.39217519760131836 63000
1605142127806 -0.26438483595848083 63100
1605142149837 -0.3282463848590851 63200
1605142171862 -0.3397233486175537 63300
1605142193881 -0.2945672571659088 63400
1605142215988 -0.4436621069908142 63500
1605142293125 -0.39353570342063904 63600
1605142315222 -0.4069042205810547 63700
1605142337315 -0.32010284066200256 63800
1605142359415 -0.5062003135681152 63900
1605142381530 -0.3378262519836426 64000
1605142403677 -0.3583633303642273 64100
1605142425828 -0.3927585780620575 64200
1605142447969 -0.4519718587398529 64300
1605142470109 -0.2410004734992981 64400
1605142492245 -0.284368097782135 64500
1605142514423 -0.2334233671426773 64600
1605142536545 -0.45655548572540283 64700
1605142558672 -0.30126193165779114 64800
1605142580785 -0.3973594605922699 64900
1605142602904 -0.3623587489128113 65000
1605142625027 -0.3417085111141205 65100
1605142647154 -0.2568817734718323 65200
1605142669264 -0.1337614506483078 65300
1605142691383 -0.41684916615486145 65400
1605142713500 -0.43789172172546387 65500
1605142735608 -0.34827789664268494 65600
1605142757735 -0.37031152844429016 65700
1605142779877 -0.3937684893608093 65800
1605142802012 -0.4375339150428772 65900
1605142824144 -0.3396911919116974 66000
1605142846280 -0.3891753852367401 66100
1605142868365 -0.38728639483451843 66200
1605142890441 -0.2957276999950409 66300
1605142912547 -0.22053958475589752 66400
1605142934644 -0.18441511690616608 66500
1605142956737 -0.5373672842979431 66600
1605142978820 -0.23352660238742828 66700
1605143000942 -0.422214537858963 66800
1605143023025 -0.3819442689418793 66900
1605143100227 -0.3588600754737854 67000
1605143122300 -0.4912005364894867 67100
1605143144432 -0.4787117838859558 67200
1605143166572 -0.4236689507961273 67300
1605143188759 -0.5395215749740601 67400
1605143210944 -0.2034667283296585 67500
1605143233102 -0.35599711537361145 67600
1605143255246 -0.35515061020851135 67700
1605143277368 -0.4091128706932068 67800
1605143299495 -0.35763582587242126 67900
1605143321611 -0.261767715215683 68000
1605143343724 -0.39658552408218384 68100
1605143365833 -0.3809763193130493 68200
1605143387942 -0.2537934482097626 68300
1605143410057 -0.2067687213420868 68400
1605143432147 -0.14415690302848816 68500
1605143454255 -0.33433660864830017 68600
1605143476392 -0.3038557171821594 68700
1605143498521 -0.35165780782699585 68800
1605143520646 -0.21452182531356812 68900
1605143542724 -0.4453090727329254 69000
1605143564818 -0.3470369577407837 69100
1605143586968 -0.4221721887588501 69200
1605143609111 -0.36805763840675354 69300
1605143631283 -0.22478541731834412 69400
1605143653445 -0.27250951528549194 69500
1605143675600 -0.2833699584007263 69600
1605143697761 -0.15142497420310974 69700
1605143719927 -0.31798499822616577 69800
1605143742088 -0.32382315397262573 69900
1605143764219 -0.4277726411819458 70000
1605143786341 -0.299375981092453 70100
1605143808446 -0.25378334522247314 70200
1605143885560 -0.2545722424983978 70300
1605143907729 -0.340251624584198 70400
1605143929752 -0.31001168489456177 70500
1605143951772 -0.1695868968963623 70600
1605143973781 -0.14937449991703033 70700
1605143995802 -0.2066962718963623 70800
1605144017822 -0.22303083539009094 70900
1605144039848 -0.40934422612190247 71000
1605144061897 -0.3545035719871521 71100
1605144083933 -0.33392220735549927 71200
1605144105969 -0.3502289056777954 71300
1605144127997 -0.2321074903011322 71400
1605144150011 -0.3510521352291107 71500
1605144172103 -0.2616608142852783 71600
1605144194236 -0.17569823563098907 71700
1605144216303 -0.38331687450408936 71800
1605144238327 -0.20046466588974 71900
1605144260338 -0.3479236960411072 72000
1605144282336 -0.2343917191028595 72100
1605144304343 -0.4100475311279297 72200
1605144326353 -0.49634307622909546 72300
1605144348358 -0.33016008138656616 72400
1605144370360 -0.3563808798789978 72500
1605144392368 -0.17007358372211456 72600
1605144414375 -0.3434620201587677 72700
1605144436400 -0.5428485870361328 72800
1605144458401 -0.33025509119033813 72900
1605144480412 -0.30089640617370605 73000
1605144502448 -0.35036975145339966 73100
1605144524524 -0.2496853917837143 73200
1605144546604 -0.2770618498325348 73300
1605144568681 -0.46800824999809265 73400
1605144590759 -0.32314544916152954 73500
1605144612847 -0.46484100818634033 73600
1605144690209 -0.5023763179779053 73700
1605144712238 -0.17280112206935883 73800
1605144734283 -0.31890442967414856 73900
1605144756341 -0.40610647201538086 74000
1605144778386 -0.18543197214603424 74100
1605144800419 -0.3158256709575653 74200
1605144822464 -0.25194573402404785 74300
1605144844491 -0.29876986145973206 74400
1605144866521 -0.4082597494125366 74500
1605144888602 -0.28575485944747925 74600
1605144910683 -0.3965837359428406 74700
1605144932740 -0.46204259991645813 74800
1605144954792 -0.3845827281475067 74900
1605144976842 -0.1476721465587616 75000
1605144998891 -0.45118167996406555 75100
1605145020942 -0.3727158308029175 75200
1605145042994 -0.519672691822052 75300
1605145065051 -0.4191373288631439 75400
1605145087092 -0.10810881108045578 75500
1605145109136 -0.3975621163845062 75600
1605145131185 -0.29700711369514465 75700
1605145153221 -0.300209641456604 75800
1605145175264 -0.39408716559410095 75900
1605145197304 -0.3344249725341797 76000
1605145219344 -0.4573836624622345 76100
1605145241394 -0.5400968790054321 76200
1605145263430 -0.1274123638868332 76300
1605145285466 -0.5303117036819458 76400
1605145307506 -0.35181552171707153 76500
1605145329543 -0.3892180621623993 76600
1605145351585 -0.4235316216945648 76700
1605145373614 -0.24137157201766968 76800
1605145395643 -0.21669653058052063 76900
1605145473185 -0.16623780131340027 77000
1605145495215 -0.24306374788284302 77100
1605145517254 -0.33941614627838135 77200
1605145539328 -0.2406483143568039 77300
1605145561384 -0.354643851518631 77400
1605145583458 -0.33752378821372986 77500
1605145605514 -0.33540773391723633 77600
1605145627557 -0.2038266360759735 77700
1605145649605 -0.06394700706005096 77800
1605145671642 -0.13036949932575226 77900
1605145693684 -0.23991437256336212 78000
1605145715737 -0.4074823558330536 78100
1605145737774 -0.38964393734931946 78200
1605145759816 -0.3663956820964813 78300
1605145781867 -0.24206824600696564 78400
1605145803915 -0.2286413609981537 78500
1605145825960 -0.36071309447288513 78600
1605145847993 -0.1801549792289734 78700
1605145870029 -0.34266483783721924 78800
1605145892109 -0.4079045057296753 78900
1605145914166 -0.30365386605262756 79000
1605145936243 -0.2655942142009735 79100
1605145958298 -0.2087283730506897 79200
1605145980334 -0.3095562756061554 79300
1605146002388 -0.12037091702222824 79400
1605146024495 -0.11134464293718338 79500
1605146046560 -0.37298741936683655 79600
1605146068626 -0.26664701104164124 79700
1605146090688 -0.33064770698547363 79800
1605146112818 -0.4045408368110657 79900
1605146134858 -0.3555198311805725 80000
1605146156889 -0.4049175977706909 80100
1605146178908 -0.2794674038887024 80200
1605146200936 -0.38397398591041565 80300
1605146278076 -0.21939405798912048 80400
1605146300148 -0.3638945519924164 80500
1605146322223 -0.32399898767471313 80600
1605146344303 -0.2534197270870209 80700
1605146366401 -0.4001190960407257 80800
1605146388492 -0.21416226029396057 80900
1605146410588 -0.32354745268821716 81000
1605146432674 -0.31426578760147095 81100
1605146454755 -0.4138062596321106 81200
1605146476840 -0.18508730828762054 81300
1605146498924 -0.25935205817222595 81400
1605146521010 -0.17413625121116638 81500
1605146543095 -0.42495647072792053 81600
1605146565178 -0.2283642292022705 81700
1605146587267 -0.31201693415641785 81800
1605146609418 -0.35402369499206543 81900
1605146631557 -0.3285120725631714 82000
1605146653659 -0.15715204179286957 82100
1605146675757 -0.36723777651786804 82200
1605146697854 -0.29949134588241577 82300
1605146719973 -0.2867158353328705 82400
1605146742076 -0.36112627387046814 82500
1605146764216 -0.40475621819496155 82600
1605146786345 -0.33543989062309265 82700
1605146808461 -0.13932488858699799 82800
1605146830541 -0.3663066029548645 82900
1605146852651 -0.2878562808036804 83000
1605146874783 -0.29661253094673157 83100
1605146896902 -0.15847530961036682 83200
1605146919038 -0.22734999656677246 83300
1605146941158 -0.21261048316955566 83400
1605146963293 -0.1653009057044983 83500
1605146985385 -0.2587355673313141 83600
1605147062398 -0.25266847014427185 83700
1605147084505 -0.3200608789920807 83800
1605147106616 -0.23480546474456787 83900
1605147128717 -0.28057861328125 84000
1605147150771 -0.3439130187034607 84100
1605147172824 -0.32539546489715576 84200
1605147194892 -0.43274378776550293 84300
1605147216956 -0.2811126708984375 84400
1605147239034 -0.48085567355155945 84500
1605147261105 -0.1815064698457718 84600
1605147283212 -0.16011689603328705 84700
1605147305314 -0.40690672397613525 84800
1605147327418 -0.30131796002388 84900
1605147349541 -0.31005558371543884 85000
1605147371621 -0.18801717460155487 85100
1605147393689 -0.4644415080547333 85200
1605147415751 -0.33697548508644104 85300
1605147437811 -0.2611725330352783 85400
1605147459854 -0.375108540058136 85500
1605147481910 -0.36876538395881653 85600
1605147503952 -0.22675123810768127 85700
1605147525993 -0.1305740475654602 85800
1605147548043 -0.43091198801994324 85900
1605147570095 -0.4121067225933075 86000
1605147592144 -0.44823095202445984 86100
1605147614234 -0.3857385516166687 86200
1605147636334 -0.2019410878419876 86300
1605147658422 -0.29643765091896057 86400
1605147680488 -0.33041873574256897 86500
1605147702528 -0.35565194487571716 86600
1605147724569 -0.508145809173584 86700
1605147746633 -0.43597063422203064 86800
1605147768677 -0.36485791206359863 86900
1605147790786 -0.3676682710647583 87000
1605147867726 -0.43568408489227295 87100
1605147889819 -0.2685576379299164 87200
1605147911908 -0.3329920768737793 87300
1605147934010 -0.14686541259288788 87400
1605147956103 -0.34673330187797546 87500
1605147978186 -0.234101340174675 87600
1605148000323 -0.3778260052204132 87700
1605148022415 -0.5557181239128113 87800
1605148044532 -0.421098530292511 87900
1605148066652 -0.4734528362751007 88000
1605148088762 -0.40703704953193665 88100
1605148110857 -0.223418727517128 88200
1605148133006 -0.34758538007736206 88300
1605148155103 -0.29800477623939514 88400
1605148177198 -0.3834407925605774 88500
1605148199297 -0.24919147789478302 88600
1605148221377 -0.334354430437088 88700
1605148243462 -0.34251290559768677 88800
1605148265553 -0.1683553159236908 88900
1605148287645 -0.26761767268180847 89000
1605148309720 -0.13385306298732758 89100
1605148331812 -0.4365558624267578 89200
1605148353946 -0.30898547172546387 89300
1605148376057 -0.21744756400585175 89400
1605148398177 -0.13495348393917084 89500
1605148420256 -0.41680142283439636 89600
1605148442337 -0.2927044630050659 89700
1605148464421 -0.3414785861968994 89800
1605148486498 -0.31512534618377686 89900
1605148508605 -0.38036489486694336 90000
1605148530743 -0.1699594408273697 90100
1605148552905 -0.22049346566200256 90200
1605148575026 -0.3364778161048889 90300
1605148652310 -0.1430734395980835 90400
1605148674443 -0.33443817496299744 90500
1605148696538 -0.3103002607822418 90600
1605148718660 -0.37918683886528015 90700
1605148740811 -0.3480647802352905 90800
1605148763040 -0.3790099322795868 90900
1605148785242 -0.21861986815929413 91000
1605148807421 -0.23734401166439056 91100
1605148829624 -0.20396430790424347 91200
1605148851796 -0.25055643916130066 91300
1605148873936 -0.6103271245956421 91400
1605148896101 -0.3279092013835907 91500
1605148918272 -0.24630503356456757 91600
1605148940421 -0.39229461550712585 91700
1605148962521 -0.43929725885391235 91800
1605148984698 -0.38594552874565125 91900
1605149006883 -0.35606589913368225 92000
1605149029059 -0.4012128710746765 92100
1605149051236 -0.28399109840393066 92200
1605149073389 -0.38784193992614746 92300
1605149095540 -0.3457997739315033 92400
1605149117714 -0.2335425764322281 92500
1605149139912 -0.282729834318161 92600
1605149162077 -0.3581438958644867 92700
1605149184225 -0.3290944993495941 92800
1605149206373 -0.06136881560087204 92900
1605149228513 -0.3873988389968872 93000
1605149250657 -0.2960856854915619 93100
1605149272806 -0.3751303553581238 93200
1605149294947 -0.25097817182540894 93300
1605149317097 -0.3483959138393402 93400
1605149339252 -0.32730117440223694 93500
1605149361381 -0.3766684830188751 93600
1605149383520 -0.2609484791755676 93700
1605149460974 -0.3821694850921631 93800
1605149483067 -0.14471375942230225 93900
1605149505153 -0.2020135372877121 94000
1605149527262 -0.28547948598861694 94100
1605149549396 -0.29592177271842957 94200
1605149571565 -0.1270691454410553 94300
1605149593734 -0.18347132205963135 94400
1605149615849 -0.21891777217388153 94500
1605149637984 -0.3539606034755707 94600
1605149660104 -0.19960461556911469 94700
1605149682232 -0.22224856913089752 94800
1605149704349 -0.23652009665966034 94900
1605149726475 -0.21457421779632568 95000
1605149748627 -0.35405731201171875 95100
1605149770793 -0.4299473166465759 95200
1605149792897 -0.16599422693252563 95300
1605149815009 -0.2664925456047058 95400
1605149837129 -0.26984795928001404 95500
1605149859277 -0.257601797580719 95600
1605149881421 -0.41873878240585327 95700
1605149903525 -0.25375643372535706 95800
1605149925628 -0.284725546836853 95900
1605149947733 -0.29254043102264404 96000
1605149969845 -0.3047352433204651 96100
1605149991970 -0.2969527542591095 96200
1605150014131 -0.3337757885456085 96300
1605150036300 -0.17192694544792175 96400
1605150058420 -0.26172858476638794 96500
1605150080579 -0.3624994456768036 96600
1605150102724 -0.30871111154556274 96700
1605150124851 -0.24792000651359558 96800
1605150146986 -0.15894733369350433 96900
1605150169126 -0.16586723923683167 97000
1605150246600 -0.23236344754695892 97100
1605150268759 -0.12159567326307297 97200
1605150290831 -0.44477227330207825 97300
1605150312905 -0.18826612830162048 97400
1605150334976 -0.3596976101398468 97500
1605150357043 -0.3524395823478699 97600
1605150379212 -0.2576810121536255 97700
1605150401268 -0.3573175072669983 97800
1605150423344 -0.42641592025756836 97900
1605150445418 -0.20729205012321472 98000
1605150467483 -0.31909874081611633 98100
1605150489554 -0.4798319637775421 98200
1605150511632 -0.32801082730293274 98300
1605150533719 -0.28095218539237976 98400
1605150555838 -0.23996935784816742 98500
1605150577935 -0.44594550132751465 98600
1605150599993 -0.3566659986972809 98700
1605150622053 -0.2819880247116089 98800
1605150644113 -0.28722116351127625 98900
1605150666176 -0.2897029221057892 99000
1605150688236 -0.25804775953292847 99100
1605150710300 -0.3356350064277649 99200
1605150732361 -0.171440988779068 99300
1605150754437 -0.3443896174430847 99400
1605150776496 -0.447591632604599 99500
1605150798546 -0.5034326910972595 99600
1605150820607 -0.35061201453208923 99700
1605150842669 -0.2931939661502838 99800
1605150864741 -0.3087838292121887 99900
1605150886819 -0.316618412733078 100000
1605150908871 -0.540892481803894 100100
1605150930934 -0.2801107168197632 100200
1605150952986 -0.30272534489631653 100300
1605150975052 -0.39183250069618225 100400
1605151052273 -0.5399557948112488 100500
1605151074371 -0.26461556553840637 100600
1605151096508 -0.4782280921936035 100700
1605151118654 -0.26403146982192993 100800
1605151140835 -0.285708487033844 100900
1605151162986 -0.25851187109947205 101000
1605151185141 -0.1147330179810524 101100
1605151207282 -0.25544774532318115 101200
1605151229462 -0.345940500497818 101300
1605151251587 -0.226356640458107 101400
1605151273703 -0.2742266356945038 101500
1605151295803 -0.16178782284259796 101600
1605151317908 -0.25558987259864807 101700
1605151340012 -0.2597973346710205 101800
1605151362121 -0.22067736089229584 101900
1605151384247 -0.19642458856105804 102000
1605151406364 -0.16131509840488434 102100
1605151428491 -0.3883458375930786 102200
1605151450619 -0.394237756729126 102300
1605151472747 -0.2883767783641815 102400
1605151494894 -0.15181271731853485 102500
1605151517053 -0.2983349561691284 102600
1605151539206 -0.3558049499988556 102700
1605151561361 -0.16830864548683167 102800
1605151583501 -0.2910706698894501 102900
1605151605591 -0.22663316130638123 103000
1605151627684 -0.5169530510902405 103100
1605151649773 -0.27616003155708313 103200
1605151671879 -0.4928261339664459 103300
1605151694017 -0.18593643605709076 103400
1605151716157 -0.3250872492790222 103500
1605151738279 -0.408690482378006 103600
1605151760384 -0.11768604069948196 103700
1605151836502 -0.4011929929256439 103800
1605151858692 -0.185378298163414 103900
1605151880845 -0.2163136601448059 104000
1605151902949 -0.17908240854740143 104100
1605151925044 -0.5226338505744934 104200
1605151947123 -0.1150347962975502 104300
1605151969207 -0.2890138030052185 104400
1605151991292 -0.3073165714740753 104500
1605152013401 -0.5759610533714294 104600
1605152035514 -0.4455482065677643 104700
1605152057608 -0.45935532450675964 104800
1605152079710 -0.3972630202770233 104900
1605152101838 -0.33948156237602234 105000
1605152123936 -0.4668999910354614 105100
1605152146029 -0.27081286907196045 105200
1605152168156 -0.19527433812618256 105300
1605152190289 -0.41429516673088074 105400
1605152212417 -0.30713751912117004 105500
1605152234555 -0.16874445974826813 105600
1605152256704 -0.22735737264156342 105700
1605152278811 -0.32091301679611206 105800
1605152300966 -0.2603333592414856 105900
1605152323114 -0.3149324953556061 106000
1605152345195 -0.19867238402366638 106100
1605152367272 -0.4198665916919708 106200
1605152389376 -0.13423775136470795 106300
1605152411475 -0.31474703550338745 106400
1605152433613 -0.2926825284957886 106500
1605152455731 -0.3960719406604767 106600
1605152477859 -0.35908740758895874 106700
1605152499978 -0.23302273452281952 106800
1605152522051 -0.21651065349578857 106900
1605152544131 -0.12380782514810562 107000
1605152566232 -0.29480910301208496 107100
1605152642201 -0.4155351221561432 107200
1605152664388 -0.19073271751403809 107300
1605152686572 -0.3467200696468353 107400
1605152708751 -0.45290064811706543 107500
1605152730891 -0.5319553017616272 107600
1605152753043 -0.39277857542037964 107700
1605152775190 -0.3227764666080475 107800
1605152797348 -0.1313474178314209 107900
1605152819492 -0.18406619131565094 108000
1605152841603 -0.14302386343479156 108100
1605152863720 -0.20931699872016907 108200
1605152885822 -0.274711012840271 108300
1605152907938 -0.24254384636878967 108400
1605152930057 -0.3458898067474365 108500
1605152952178 -0.07370135188102722 108600
1605152974299 -0.3721248507499695 108700
1605152996415 -0.2793647348880768 108800
1605153018571 -0.13730168342590332 108900
1605153040689 -0.27675071358680725 109000
1605153062817 -0.14285777509212494 109100
1605153084969 -0.3887019157409668 109200
1605153107111 -0.4032133221626282 109300
1605153129265 -0.11016811430454254 109400
1605153151439 -0.41585370898246765 109500
1605153173544 -0.21383371949195862 109600
1605153195652 -0.31706371903419495 109700
1605153217826 -0.19248074293136597 109800
1605153239912 -0.12995974719524384 109900
1605153261994 -0.25751498341560364 110000
1605153284083 -0.2635533809661865 110100
1605153306249 -0.24369114637374878 110200
1605153328394 -0.1820535808801651 110300
1605153350495 -0.2462683469057083 110400
1605153426505 -0.35818180441856384 110500
1605153448652 -0.4034011960029602 110600
1605153470785 -0.2832394540309906 110700
1605153492905 -0.3226953446865082 110800
1605153515072 -0.3345363140106201 110900
1605153537237 -0.32850420475006104 111000
1605153559368 -0.2134721875190735 111100
1605153581530 -0.4961201250553131 111200
1605153603663 -0.2870531976222992 111300
1605153625814 -0.38907575607299805 111400
1605153647942 -0.1802554875612259 111500
1605153670089 -0.13827382028102875 111600
1605153692236 -0.26409223675727844 111700
1605153714312 -0.24230796098709106 111800
1605153736385 -0.22222892940044403 111900
1605153758451 -0.26478663086891174 112000
1605153780503 -0.2305518537759781 112100
1605153802533 -0.19666773080825806 112200
1605153824570 -0.5675331354141235 112300
1605153846625 -0.231264129281044 112400
1605153868693 -0.22538642585277557 112500
1605153890776 -0.3914579451084137 112600
1605153912976 -0.28899306058883667 112700
1605153935077 -0.17547230422496796 112800
1605153957193 -0.3053320646286011 112900
1605153979290 -0.04505171999335289 113000
1605154001396 -0.3264850080013275 113100
1605154023527 -0.3754120171070099 113200
1605154045645 -0.21125130355358124 113300
1605154067764 -0.1290791779756546 113400
1605154089927 -0.19661949574947357 113500
1605154112044 -0.23750287294387817 113600
1605154134185 -0.2415611892938614 113700
1605154210612 -0.24673254787921906 113800
1605154232715 -0.27683350443840027 113900
1605154254799 -0.2276151180267334 114000
1605154276892 -0.3844178318977356 114100
1605154298988 -0.19351041316986084 114200
1605154321112 -0.12244241684675217 114300
1605154343261 -0.4840037226676941 114400
1605154365434 -0.32688823342323303 114500
1605154387560 -0.3480603098869324 114600
1605154409673 -0.3597267270088196 114700
1605154431838 -0.20400753617286682 114800
1605154454013 -0.28007012605667114 114900
1605154476148 -0.3314512372016907 115000
1605154498241 -0.40679100155830383 115100
1605154520345 -0.18623127043247223 115200
1605154542487 -0.28383225202560425 115300
1605154564596 -0.25831103324890137 115400
1605154586691 -0.5469997525215149 115500
1605154608818 -0.24068674445152283 115600
1605154630930 -0.24484728276729584 115700
1605154653080 -0.3001254200935364 115800
1605154675237 -0.2543812394142151 115900
1605154697365 -0.2951383888721466 116000
1605154719505 -0.36875414848327637 116100
1605154741645 -0.29261600971221924 116200
1605154763822 -0.37090030312538147 116300
1605154785973 -0.3658389747142792 116400
1605154808140 -0.2662910223007202 116500
1605154830253 -0.4331461489200592 116600
1605154852300 -0.22770646214485168 116700
1605154874357 -0.480394572019577 116800
1605154896403 -0.2765846252441406 116900
1605154918444 -0.17372901737689972 117000
1605154940505 -0.239156574010849 117100
1605155016481 -0.1903393566608429 117200
1605155038669 -0.43040183186531067 117300
1605155060848 -0.26149871945381165 117400
1605155082995 -0.3428989052772522 117500
1605155105132 -0.11350825428962708 117600
1605155127254 -0.3354063332080841 117700
1605155149373 -0.2405354380607605 117800
1605155171500 -0.3215138912200928 117900
1605155193629 -0.3036974370479584 118000
1605155215757 -0.4519932270050049 118100
1605155237888 -0.16588178277015686 118200
1605155260034 -0.5163621306419373 118300
1605155282190 -0.26332613825798035 118400
1605155304341 -0.31285083293914795 118500
1605155326485 -0.2001136839389801 118600
1605155348635 -0.17426376044750214 118700
1605155370784 -0.32493287324905396 118800
1605155392934 -0.2944941222667694 118900
1605155415088 -0.2728433310985565 119000
1605155437241 -0.4848710000514984 119100
1605155459361 -0.2534431517124176 119200
1605155481490 -0.3516082763671875 119300
1605155503624 -0.3201897442340851 119400
1605155525760 -0.2505532503128052 119500
1605155547942 -0.3406405448913574 119600
1605155570114 -0.2305261343717575 119700
1605155592252 -0.23335853219032288 119800
1605155614373 -0.22314031422138214 119900
1605155636517 -0.2371000051498413 120000
1605155658645 -0.37638747692108154 120100
1605155680784 -0.29205283522605896 120200
1605155702923 -0.3539651334285736 120300
1605155725029 -0.384231835603714 120400
1605155801203 -0.2905270457267761 120500
1605155823365 -0.2796717584133148 120600
1605155845447 -0.24285456538200378 120700
1605155867519 -0.2823362350463867 120800
1605155889574 -0.18118229508399963 120900
1605155911636 -0.316670686006546 121000
1605155933752 -0.4469640254974365 121100
1605155955880 -0.24389304220676422 121200
1605155977984 -0.2867606282234192 121300
1605156000066 -0.16994169354438782 121400
1605156022096 -0.10419861227273941 121500
1605156044148 -0.3427201211452484 121600
1605156066230 -0.30955004692077637 121700
1605156088323 -0.19172166287899017 121800
1605156110387 -0.3861348628997803 121900
1605156132445 -0.2862030267715454 122000
1605156154506 -0.2262014001607895 122100
1605156176564 -0.20028471946716309 122200
1605156198627 -0.41102391481399536 122300
1605156220706 -0.402858704328537 122400
1605156242755 -0.2382306009531021 122500
1605156264863 -0.26328304409980774 122600
1605156286935 -0.3835713565349579 122700
1605156308979 -0.32167086005210876 122800
1605156331015 -0.32106706500053406 122900
1605156353055 -0.4167975187301636 123000
1605156375103 -0.21369315683841705 123100
1605156397143 -0.1976950764656067 123200
1605156419182 -0.28572872281074524 123300
1605156441239 -0.3292095363140106 123400
1605156463280 -0.23658262193202972 123500
1605156485331 -0.21006251871585846 123600
1605156507388 -0.409235417842865 123700
1605156529464 -0.2858733534812927 123800
1605156605423 -0.2152494192123413 123900
1605156627609 -0.39995136857032776 124000
1605156649800 -0.3764171302318573 124100
1605156671978 -0.28565940260887146 124200
1605156694082 -0.17023088037967682 124300
1605156716189 -0.2629952132701874 124400
1605156738295 -0.1579723209142685 124500
1605156760465 -0.41664981842041016 124600
1605156782619 -0.39346060156822205 124700
1605156804747 -0.166523739695549 124800
1605156826885 -0.30376753211021423 124900
1605156849032 -0.21527281403541565 125000
1605156871213 -0.13189801573753357 125100
1605156893338 -0.40378236770629883 125200
1605156915444 -0.2896202504634857 125300
1605156937574 -0.39813917875289917 125400
1605156959735 -0.09108389168977737 125500
1605156981872 -0.3424921929836273 125600
1605157004005 -0.27040573954582214 125700
1605157026127 -0.32596641778945923 125800
1605157048248 -0.14857782423496246 125900
1605157070357 -0.2386733889579773 126000
1605157092506 -0.270750492811203 126100
1605157114704 -0.2876805067062378 126200
1605157136896 -0.17920070886611938 126300
1605157159076 -0.26820361614227295 126400
1605157181271 -0.20548096299171448 126500
1605157203472 -0.33797335624694824 126600
1605157225656 -0.3310786783695221 126700
1605157247779 -0.10994422435760498 126800
1605157269888 -0.20024976134300232 126900
1605157291985 -0.3168689012527466 127000
1605157314092 -0.39200523495674133 127100
1605157390197 -0.2917679250240326 127200
1605157412304 -0.383698046207428 127300
1605157434365 -0.14979784190654755 127400
1605157456437 -0.20872808992862701 127500
1605157478570 -0.3312884271144867 127600
1605157500633 -0.21473440527915955 127700
1605157522706 -0.3137836754322052 127800
1605157544791 -0.3340396285057068 127900
1605157566852 -0.41664260625839233 128000
1605157588927 -0.33246660232543945 128100
1605157611019 -0.08785556256771088 128200
1605157633108 -0.25462421774864197 128300
1605157655180 -0.2663935422897339 128400
1605157677272 -0.33333098888397217 128500
1605157699364 -0.24956382811069489 128600
1605157721473 -0.35267311334609985 128700
1605157743527 -0.23703846335411072 128800
1605157765583 -0.2684827744960785 128900
1605157787635 -0.2237757444381714 129000
1605157809694 -0.5088880658149719 129100
1605157831752 -0.32811224460601807 129200
1605157853813 -0.3117583096027374 129300
1605157875869 -0.23956602811813354 129400
1605157897923 -0.3505019545555115 129500
1605157919979 -0.39098766446113586 129600
1605157942074 -0.37837135791778564 129700
1605157964165 -0.40312421321868896 129800
1605157986258 -0.30105599761009216 129900
1605158008350 -0.21001091599464417 130000
1605158030435 -0.23345649242401123 130100
1605158052543 -0.16580656170845032 130200
1605158074659 -0.40006449818611145 130300
1605158096769 -0.32628321647644043 130400
1605158118873 -0.2974156439304352 130500
1605158195121 -0.20109447836875916 130600
1605158217307 -0.1990194171667099 130700
1605158239463 -0.08254843205213547 130800
1605158261600 -0.15487666428089142 130900
1605158283732 -0.10358162969350815 131000
1605158305871 -0.44746604561805725 131100
1605158328015 -0.2074495553970337 131200
1605158350184 -0.26761889457702637 131300
1605158372337 -0.40495800971984863 131400
1605158394498 -0.3020326793193817 131500
1605158416749 -0.39886224269866943 131600
1605158438915 -0.24363157153129578 131700
1605158461062 -0.3281702399253845 131800
1605158483217 -0.2609593868255615 131900
1605158505379 -0.16111551225185394 132000
1605158527530 -0.15447112917900085 132100
1605158549688 -0.18748889863491058 132200
1605158571833 -0.18762202560901642 132300
1605158593983 -0.24307779967784882 132400
1605158616149 -0.2568954527378082 132500
1605158638342 -0.41223692893981934 132600
1605158660533 -0.22457322478294373 132700
1605158682713 -0.3055990934371948 132800
1605158704874 -0.3349604606628418 132900
1605158727272 -0.32897770404815674 133000
1605158751355 -0.15431365370750427 133100
1605158773740 -0.24606136977672577 133200
1605158795819 -0.2680141031742096 133300
1605158817821 -0.0816211923956871 133400
1605158839828 -0.27653422951698303 133500
1605158861885 -0.2654341161251068 133600
1605158883944 -0.16539303958415985 133700
1605158906154 -0.23776385188102722 133800
1605158982314 -0.36092662811279297 133900
1605159004454 -0.33009862899780273 134000
1605159026506 -0.24938750267028809 134100
1605159048579 -0.15911825001239777 134200
1605159070695 -0.16222143173217773 134300
1605159092825 -0.3553021550178528 134400
1605159114955 -0.31726130843162537 134500
1605159137154 -0.3640540540218353 134600
1605159159309 -0.18796394765377045 134700
1605159181428 -0.1364966630935669 134800
1605159203567 -0.28158432245254517 134900
1605159225706 -0.22250302135944366 135000
1605159247804 -0.3271833062171936 135100
1605159269919 -0.1402774304151535 135200
1605159292041 -0.28725454211235046 135300
1605159314156 -0.3814292550086975 135400
1605159336253 -0.2863599359989166 135500
1605159358380 -0.35245397686958313 135600
1605159380516 -0.14980021119117737 135700
1605159402648 -0.2333090603351593 135800
1605159424781 -0.34831702709198 135900
1605159446925 -0.20609089732170105 136000
1605159469060 -0.22975076735019684 136100
1605159491203 -0.18009917438030243 136200
1605159513374 -0.12061519920825958 136300
1605159535532 -0.20647647976875305 136400
1605159557645 -0.20035363733768463 136500
1605159579744 -0.24689051508903503 136600
1605159601860 -0.1660109907388687 136700
1605159623989 -0.43501684069633484 136800
1605159646124 -0.2368546575307846 136900
1605159668261 -0.5625971555709839 137000
1605159690380 -0.25142064690589905 137100
1605159712483 -0.30242958664894104 137200
1605159788494 -0.26160478591918945 137300
1605159810556 -0.2599501311779022 137400
1605159832618 -0.1280680000782013 137500
1605159854688 -0.1619722992181778 137600
1605159876753 -0.46609988808631897 137700
1605159898817 -0.2571859061717987 137800
1605159920876 -0.24512240290641785 137900
1605159942936 -0.28289544582366943 138000
1605159965005 -0.24651381373405457 138100
1605159987082 -0.148423969745636 138200
1605160009188 -0.19218553602695465 138300
1605160031319 -0.2663003206253052 138400
1605160053463 -0.18658198416233063 138500
1605160075583 -0.3544009029865265 138600
1605160097727 -0.12308388203382492 138700
1605160119886 -0.23901137709617615 138800
1605160142049 -0.32166579365730286 138900
1605160164198 -0.2802368402481079 139000
1605160186412 -0.40665823221206665 139100
1605160208604 -0.24705103039741516 139200
1605160230777 -0.19661475718021393 139300
1605160252933 -0.39678454399108887 139400
1605160275073 -0.3036229610443115 139500
1605160297229 -0.2690616250038147 139600
1605160319398 -0.22588083148002625 139700
1605160341592 -0.34150466322898865 139800
1605160363690 -0.12254173308610916 139900
1605160385816 -0.31555068492889404 140000
1605160407910 -0.2251657247543335 140100
1605160430020 -0.37402406334877014 140200
1605160452176 -0.25317785143852234 140300
1605160474250 -0.23074546456336975 140400
1605160496320 -0.15989921987056732 140500
1605160572497 -0.32263368368148804 140600
1605160594700 -0.11106165498495102 140700
1605160616833 -0.15193268656730652 140800
1605160638944 -0.15889433026313782 140900
1605160661055 -0.3720819056034088 141000
1605160683174 -0.19415245950222015 141100
1605160705309 -0.2665840685367584 141200
1605160727482 -0.1931857168674469 141300
1605160749639 -0.3836551904678345 141400
1605160771809 -0.14833441376686096 141500
1605160793960 -0.2548975646495819 141600
1605160816089 -0.3439033031463623 141700
1605160838219 -0.0891888439655304 141800
1605160860322 -0.23745378851890564 141900
1605160882423 -0.09405998140573502 142000
1605160904596 -0.18326233327388763 142100
1605160926735 -0.3827071487903595 142200
1605160948846 -0.1655605584383011 142300
1605160970976 -0.20121146738529205 142400
1605160993115 -0.38436630368232727 142500
1605161015219 -0.35659855604171753 142600
1605161037371 -0.23852649331092834 142700
1605161059504 -0.17827792465686798 142800
1605161081619 -0.2587818205356598 142900
1605161103729 -0.1326255053281784 143000
1605161125835 -0.30803054571151733 143100
1605161147944 -0.4160143733024597 143200
1605161170075 -0.1425439566373825 143300
1605161192256 -0.33649101853370667 143400
1605161214402 -0.36628711223602295 143500
1605161236555 -0.17747600376605988 143600
1605161258742 -0.22637896239757538 143700
1605161280913 -0.3054695427417755 143800
1605161303072 -0.3130750358104706 143900
1605161379246 -0.0710400640964508 144000
1605161401360 -0.24089296162128448 144100
1605161423477 -0.29410576820373535 144200
1605161445702 -0.412036269903183 144300
1605161467858 -0.2602936327457428 144400
1605161489961 -0.22134706377983093 144500
1605161512052 -0.15874895453453064 144600
1605161534144 -0.2686680853366852 144700
1605161556224 -0.22482053935527802 144800
1605161578453 -0.2727612853050232 144900
1605161600644 -0.20302119851112366 145000
1605161622844 -0.3294827342033386 145100
1605161644996 -0.30296391248703003 145200
1605161667067 -0.27911314368247986 145300
1605161689136 -0.24242396652698517 145400
1605161711219 -0.3004319667816162 145500
1605161733312 -0.24138811230659485 145600
1605161755399 -0.13688673079013824 145700
1605161777558 -0.1730920821428299 145800
1605161799747 -0.25658294558525085 145900
1605161821881 -0.22346487641334534 146000
1605161844060 -0.3756520748138428 146100
1605161866188 -0.18443699181079865 146200
1605161888316 -0.22254176437854767 146300
1605161910416 -0.20427823066711426 146400
1605161932517 -0.3312845528125763 146500
1605161954712 -0.2402288317680359 146600
1605161976935 -0.5260764956474304 146700
1605161999066 -0.18712648749351501 146800
1605162021159 -0.2509089708328247 146900
1605162043271 -0.15837052464485168 147000
1605162065372 -0.27115628123283386 147100
1605162087458 -0.30284902453422546 147200
1605162163627 -0.428020179271698 147300
1605162185803 -0.160369411110878 147400
1605162207990 -0.31239181756973267 147500
1605162230168 -0.2860916256904602 147600
1605162252318 -0.3236193358898163 147700
1605162274514 -0.1238255724310875 147800
1605162296648 -0.10762035101652145 147900
1605162318783 -0.11814278364181519 148000
1605162340911 -0.20987775921821594 148100
1605162363032 -0.14195233583450317 148200
1605162385155 -0.30303990840911865 148300
1605162407282 -0.392924040555954 148400
1605162429390 -0.2297610193490982 148500
1605162451524 -0.24541117250919342 148600
1605162473641 -0.1834256947040558 148700
1605162495759 -0.1724790632724762 148800
1605162517894 -0.1260206252336502 148900
1605162540020 -0.4419853389263153 149000
1605162562220 -0.27300193905830383 149100
1605162584403 -0.3660948574542999 149200
1605162606549 -0.34542524814605713 149300
1605162628716 -0.27696335315704346 149400
1605162650891 -0.26867160201072693 149500
1605162673030 -0.2588941752910614 149600
1605162695156 -0.18311549723148346 149700
1605162717288 -0.265595406293869 149800
1605162739426 -0.26457738876342773 149900
1605162761614 -0.5019404292106628 150000
1605162783789 -0.31275424361228943 150100
1605162805965 -0.15806178748607635 150200
1605162828113 -0.2960619032382965 150300
1605162850227 -0.1500115990638733 150400
1605162872334 -0.26994195580482483 150500
1605162894433 -0.2776239514350891 150600
1605162970740 -0.28613078594207764 150700
1605162992876 -0.4869256019592285 150800
1605163015009 -0.20423808693885803 150900
1605163037112 -0.2445647120475769 151000
1605163059219 -0.31197676062583923 151100
1605163081341 -0.17089438438415527 151200
1605163103582 -0.2334519773721695 151300
1605163125824 -0.40231016278266907 151400
1605163147992 -0.2672611474990845 151500
1605163170163 -0.2544434666633606 151600
1605163192267 -0.2678360044956207 151700
1605163214345 -0.2572273313999176 151800
1605163236415 -0.2438364028930664 151900
1605163258520 -0.4164513349533081 152000
1605163280712 -0.16557131707668304 152100
1605163302841 -0.2751540541648865 152200
1605163324948 -0.1506902426481247 152300
1605163347061 -0.33753886818885803 152400
1605163369174 -0.4040816128253937 152500
1605163391312 -0.29507169127464294 152600
1605163413554 -0.05713143199682236 152700
1605163435805 -0.30501678586006165 152800
1605163458046 -0.2732321619987488 152900
1605163480235 -0.18955330550670624 153000
1605163502347 -0.3223077356815338 153100
1605163524429 -0.24915096163749695 153200
1605163546519 -0.2893737852573395 153300
1605163568612 -0.30880969762802124 153400
1605163590715 -0.22394385933876038 153500
1605163612829 -0.3991621136665344 153600
1605163635012 -0.323215126991272 153700
1605163657222 -0.3559698164463043 153800
1605163679427 -0.20796464383602142 153900
1605163755832 -0.3555643558502197 154000
1605163778014 -0.21564538776874542 154100
1605163800192 -0.18684585392475128 154200
1605163822368 -0.2601979672908783 154300
1605163844544 -0.19817252457141876 154400
1605163866697 -0.24943356215953827 154500
1605163888836 -0.24494656920433044 154600
1605163911030 -0.11967769265174866 154700
1605163933230 -0.2907017171382904 154800
1605163955395 -0.2549305856227875 154900
1605163977568 -0.47935640811920166 155000
1605163999784 -0.24229690432548523 155100
1605164021996 -0.31718987226486206 155200
1605164044167 -0.4619874358177185 155300
1605164066339 -0.2873889207839966 155400
1605164088510 -0.32594987750053406 155500
1605164110653 -0.18734067678451538 155600
1605164132806 -0.243526890873909 155700
1605164154957 -0.38091060519218445 155800
1605164177111 -0.3404700756072998 155900
1605164199262 -0.32613879442214966 156000
1605164221422 -0.3235747218132019 156100
1605164243604 -0.2114209234714508 156200
1605164265767 -0.2362619787454605 156300
1605164287930 -0.21889545023441315 156400
1605164310133 -0.26237955689430237 156500
1605164332306 -0.2553921341896057 156600
1605164354461 -0.23854871094226837 156700
1605164376613 -0.27637481689453125 156800
1605164398783 -0.23784135282039642 156900
1605164420985 -0.34517979621887207 157000
1605164443159 -0.26314181089401245 157100
1605164465352 -0.31651541590690613 157200
1605164487557 -0.13000138103961945 157300
1605164563877 -0.2013128101825714 157400
1605164585986 -0.3974115550518036 157500
1605164608119 -0.1939862221479416 157600
1605164630158 -0.14815154671669006 157700
1605164652220 -0.42499926686286926 157800
1605164674275 -0.22602438926696777 157900
1605164696327 -0.22453643381595612 158000
1605164718391 -0.2949693202972412 158100
1605164740427 -0.16739337146282196 158200
1605164762486 -0.2720193862915039 158300
1605164784523 -0.40192869305610657 158400
1605164806571 -0.10500957816839218 158500
1605164828601 -0.35926127433776855 158600
1605164850618 -0.3699089288711548 158700
1605164872626 -0.18107624351978302 158800
1605164894632 -0.15190471708774567 158900
1605164916629 -0.28426259756088257 159000
1605164938625 -0.16679207980632782 159100
1605164960634 -0.17541205883026123 159200
1605164982631 -0.303478479385376 159300
1605165004638 -0.1016273945569992 159400
1605165026635 -0.2406800538301468 159500
1605165048622 -0.24339070916175842 159600
1605165070634 -0.3169696629047394 159700
1605165092686 -0.25559791922569275 159800
1605165114680 -0.1812702715396881 159900
1605165136670 -0.396928995847702 160000
1605165158661 -0.3616245687007904 160100
1605165180653 -0.30904528498649597 160200
1605165202654 -0.1508941948413849 160300
1605165224654 -0.4134056270122528 160400
1605165246650 -0.35594606399536133 160500
1605165268716 -0.1582316905260086 160600
1605165344995 -0.16846215724945068 160700
1605165367192 -0.3739657998085022 160800
1605165389348 -0.3267328441143036 160900
1605165411516 -0.1847035139799118 161000
1605165433741 -0.5027761459350586 161100
1605165455950 -0.23486869037151337 161200
1605165478155 -0.02643004059791565 161300
1605165500373 -0.26273149251937866 161400
1605165522580 -0.3024011254310608 161500
1605165544780 -0.24917902052402496 161600
1605165566993 -0.3616032600402832 161700
1605165589195 -0.18848028779029846 161800
1605165611403 -0.39464661478996277 161900
1605165633626 -0.3736991584300995 162000
1605165655847 -0.26562708616256714 162100
1605165678082 -0.2228565216064453 162200
1605165700294 -0.206781268119812 162300
1605165722478 -0.3468937873840332 162400
1605165744681 -0.2996166944503784 162500
1605165766860 -0.20448815822601318 162600
1605165789079 -0.29525071382522583 162700
1605165811289 -0.2534560263156891 162800
1605165833504 -0.22869016230106354 162900
1605165855658 -0.14803119003772736 163000
1605165877823 -0.27242401242256165 163100
1605165899965 -0.4804760813713074 163200
1605165922100 -0.23226170241832733 163300
1605165944274 -0.15711939334869385 163400
1605165966535 -0.2874690294265747 163500
1605165988732 -0.30844664573669434 163600
1605166010845 -0.16142353415489197 163700
1605166032989 -0.13787896931171417 163800
1605166055162 -0.1297304630279541 163900
1605166077328 -0.31514301896095276 164000
1605166153426 -0.22652184963226318 164100
1605166175569 -0.27312102913856506 164200
1605166197757 -0.3421369194984436 164300
1605166219950 -0.18991310894489288 164400
1605166242095 -0.3200969398021698 164500
1605166264253 -0.17804977297782898 164600
1605166286410 -0.28071361780166626 164700
1605166308605 -0.23649124801158905 164800
1605166330745 -0.20487242937088013 164900
1605166352888 -0.22543661296367645 165000
1605166375051 -0.3444211483001709 165100
1605166397206 -0.3789108395576477 165200
1605166419332 -0.20735487341880798 165300
1605166441473 -0.5490378141403198 165400
1605166463582 -0.2822629511356354 165500
1605166485653 -0.2594817876815796 165600
1605166507724 -0.32181382179260254 165700
1605166529867 -0.19814187288284302 165800
1605166551974 -0.2115492969751358 165900
1605166574061 -0.24000784754753113 166000
1605166596157 -0.22618959844112396 166100
1605166618276 -0.3484843075275421 166200
1605166640383 -0.3110697567462921 166300
1605166662489 -0.2670000195503235 166400
1605166684580 -0.12120509892702103 166500
1605166706652 -0.34668993949890137 166600
1605166728722 -0.25561100244522095 166700
1605166750801 -0.08636457473039627 166800
1605166772873 -0.2641388177871704 166900
1605166794947 -0.37996038794517517 167000
1605166817017 -0.06114744022488594 167100
1605166839091 -0.4220018982887268 167200
1605166861165 -0.19459420442581177 167300
