1605196373712 0.05 0
1605196379437 0.0904379871422882 100
1605196384933 0.10480461691374039 200
1605196390496 0.11022918120078493 300
1605196395952 0.12473674680285744 400
1605196401465 0.13118587452504668 500
1605196407093 0.13833078076184321 600
1605196412784 0.14857869860169134 700
1605196418805 0.15614772625364354 800
1605196424487 0.16241064570955083 900
1605196430201 0.16980856525511145 1000
1605196436066 0.17723420146861582 1100
1605196441968 0.18174114477261416 1200
1605196447865 0.18637987416216095 1300
1605196453728 0.19113331732893474 1400
1605196459471 0.1969031747094191 1500
1605196465424 0.2007642429922391 1600
1605196471388 0.20618444174151188 1700
1605196477128 0.2096561477005116 1800
1605196483003 0.2129138201215636 1900
1605196488957 0.21540617170145754 2000
1605196494899 0.2190407824130697 2100
1605196500842 0.2213716586110092 2200
1605196506796 0.22414154036255166 2300
1605196512508 0.22610894943669302 2400
1605196518400 0.2296654995727657 2500
1605196524223 0.23180265863518623 2600
1605196529741 0.23475770516958994 2700
1605196535524 0.23690116176584622 2800
1605196541393 0.23904040925688858 2900
1605196547092 0.24169180773698806 3000
1605196552900 0.24375183639018244 3100
1605196558610 0.2464011560385066 3200
1605196564422 0.2478630328672154 3300
1605196570151 0.2493056962455853 3400
1605196575757 0.25134519939861927 3500
1605196581399 0.2537469195848169 3600
1605196587179 0.25550589922029815 3700
1605196592937 0.25776803435427376 3800
1605196598767 0.2600866909924159 3900
1605196604478 0.2613882783867398 4000
1605196610339 0.26357859775332265 4100
1605196616175 0.26547129524107543 4200
1605196622100 0.2676563888773846 4300
1605196627807 0.26976877559318563 4400
1605196633698 0.27077836013744816 4500
1605196639600 0.27307909205420283 4600
1605196645564 0.27548549009710344 4700
1605196651541 0.27723105290416283 4800
1605196657588 0.2787445527485115 4900
1605196663749 0.28059253664876704 5000
1605196669747 0.2820767175108384 5100
1605196675513 0.2829163393129737 5200
1605196681791 0.2837276886014915 5300
1605196687647 0.2852099565299291 5400
1605196693615 0.2863889700916837 5500
1605196699663 0.28827884860777964 5600
1605196705705 0.2893525672977129 5700
1605196711830 0.29089988887389967 5800
1605196717835 0.2925705556159277 5900
1605196723570 0.2945683487581912 6000
1605196729288 0.29596869860809577 6100
1605196734979 0.2972344754634119 6200
1605196740708 0.2989637575219499 6300
1605196746530 0.3001055811702199 6400
1605196752632 0.30163540938418454 6500
1605196758464 0.30302939400931483 6600
1605196764221 0.3046713454914204 6700
1605196769940 0.3056494591998393 6800
1605196775803 0.3070961909271363 6900
1605196781655 0.30821012776655593 7000
1605196787398 0.3089861992108277 7100
1605196793073 0.31032569601339477 7200
1605196799010 0.3113607434116151 7300
1605196844922 0.3984256822336825 7400
1605196850734 0.39452173735465706 7500
1605196856422 0.3993115672177466 7600
1605196862128 0.40313327610457383 7700
1605196867734 0.4083000008318325 7800
1605196873423 0.4139567753391164 7900
1605196879286 0.4137500784464593 8000
1605196884911 0.41346951262868503 8100
1605196890664 0.4126419074759145 8200
1605196896374 0.41214079787824326 8300
1605196902225 0.4120197164603934 8400
1605196907827 0.4138294982420829 8500
1605196913443 0.41519710833646395 8600
1605196918889 0.4149647438979721 8700
1605196924761 0.41573538561241097 8800
1605196930644 0.4152755358692783 8900
1605196936520 0.4153948413462751 9000
1605196942051 0.4160390509876419 9100
1605196948001 0.4187454940117782 9200
1605196953981 0.4183491618142602 9300
1605196959804 0.41938545844943753 9400
1605196965559 0.4196229101851084 9500
1605196971447 0.420740501853206 9600
1605196977242 0.42164169403097385 9700
1605196983064 0.4222952501413942 9800
1605196988856 0.42263295998998773 9900
1605196994705 0.4237209514400496 10000
1605197000586 0.4226028588339054 10100
1605197006375 0.4227018899233011 10200
1605197012007 0.4240548924552853 10300
1605197017682 0.4249678089352752 10400
1605197023210 0.4252381350085135 10500
1605197028799 0.4259767758301577 10600
1605197034366 0.4259125611460634 10700
1605197040147 0.4268009645500525 10800
1605197045997 0.4267449336578236 10900
1605197051583 0.42763600883887953 11000
1605197057214 0.42754987893906016 11100
1605197063063 0.42809698683113967 11200
1605197068899 0.4288537118590564 11300
1605197074678 0.4293177989389266 11400
1605197080500 0.42966999929403576 11500
1605197086285 0.42992881413016804 11600
1605197092155 0.4312229498749705 11700
1605197097986 0.43226125963545414 11800
1605197103867 0.4326227465350768 11900
1605197109611 0.43371471304853004 12000
1605197115330 0.4338418963921967 12100
1605197121081 0.4345061756144454 12200
1605197126924 0.4344624102218685 12300
1605197132794 0.4357077296678379 12400
1605197138457 0.43648819714817577 12500
1605197144028 0.4369104039564255 12600
1605197149745 0.437939125080684 12700
1605197155465 0.43839790995030203 12800
1605197160741 0.43877556154988717 12900
1605197166521 0.43943965353879566 13000
1605197172378 0.44034340097411134 13100
1605197178292 0.4409515588312612 13200
1605197184103 0.44161795752701893 13300
1605197189809 0.4424476090095542 13400
1605197195482 0.44299092330546735 13500
1605197201252 0.44367568100522325 13600
1605197207098 0.4438640354421228 13700
1605197212697 0.44449747914649135 13800
1605197218430 0.4445076686294134 13900
1605197224046 0.4450927641402525 14000
1605197229952 0.44546360041280897 14100
1605197235653 0.44589906583173244 14200
1605197241687 0.44657652824142646 14300
1605197247703 0.4466364412780024 14400
1605197253226 0.4468554449991518 14500
1605197258369 0.44741485113643753 14600
1605197304045 0.46142094865954714 14700
1605197309175 0.46997784696905 14800
1605197314674 0.47768999344510255 14900
1605197320158 0.4882335320140948 15000
1605197325554 0.48126244306830496 15100
1605197331207 0.47565075118658723 15200
1605197336965 0.4794068590921231 15300
1605197342606 0.4778006620791679 15400
1605197348417 0.4772286684462969 15500
1605197354300 0.4791618941698762 15600
1605197360165 0.47917645894356714 15700
1605197366081 0.4812847859346718 15800
1605197372126 0.4828800789212095 15900
1605197378094 0.4824760070817854 16000
1605197384068 0.48346298749362804 16100
1605197390070 0.483573880927137 16200
1605197396135 0.48480214850942094 16300
1605197402095 0.4850876124876784 16400
1605197408056 0.48642083225777 16500
1605197414084 0.48882413731587027 16600
1605197420191 0.4891948174289339 16700
1605197426508 0.4903952979415333 16800
1605197433134 0.4901818218350466 16900
1605197439093 0.49143601617723254 17000
1605197444991 0.49301889470788396 17100
1605197450540 0.49494420404710715 17200
1605197456281 0.49616459228905196 17300
1605197462165 0.4965360563057361 17400
1605197467812 0.49743671351673263 17500
1605197473549 0.49798585039294396 17600
1605197479094 0.4997484843305127 17700
1605197484776 0.4997551551111498 17800
1605197490559 0.5003324899400236 17900
1605197496304 0.5010467607910146 18000
1605197501898 0.5015510772218317 18100
1605197507780 0.501733031204925 18200
1605197513878 0.5029751865835594 18300
1605197520017 0.5030385603753411 18400
1605197526104 0.5037059644800401 18500
1605197532212 0.5044112492785526 18600
1605197538188 0.5040397708131564 18700
1605197544099 0.5038175078700244 18800
1605197549753 0.5045555059353413 18900
1605197555624 0.5051195342071637 19000
1605197561622 0.5056427899129151 19100
1605197567545 0.5066515110612899 19200
1605197573576 0.5073106156582923 19300
1605197579602 0.5075996483416458 19400
1605197585613 0.508635865815998 19500
1605197591436 0.509375720437698 19600
1605197597061 0.5099290980237606 19700
1605197602174 0.5103135123999526 19800
1605197607582 0.5103940684831412 19900
1605197613014 0.510454290575951 20000
1605197618378 0.5110527746751856 20100
1605197624204 0.5117289993601851 20200
1605197630101 0.5120742268577869 20300
1605197636530 0.5123884802081208 20400
1605197642756 0.5122048015787145 20500
1605197648813 0.5120564544068721 20600
1605197654737 0.512529028839475 20700
1605197660321 0.5131991257169958 20800
1605197665939 0.5137102600525312 20900
1605197671609 0.5141627943237375 21000
1605197677607 0.5149195046940834 21100
1605197683410 0.5152088567296875 21200
1605197688879 0.515460770074313 21300
1605197694583 0.5159063454210693 21400
1605197700429 0.516273465260402 21500
1605197706241 0.5164848971805988 21600
1605197712187 0.5170750986610563 21700
1605197717648 0.5175560052535524 21800
1605197723478 0.5181250977288395 21900
1605197769124 0.4591810966810967 22000
1605197774892 0.5242088856159978 22100
1605197780643 0.5295917956895713 22200
1605197786560 0.5368049085111306 22300
1605197792856 0.5419448371099617 22400
1605197798787 0.5388611937742703 22500
1605197804786 0.5372616213996874 22600
1605197810809 0.5391164424187753 22700
1605197816771 0.541865670449445 22800
1605197822734 0.5452393584419198 22900
1605197828645 0.5429746591842225 23000
1605197834606 0.5408425182326709 23100
1605197840583 0.5430097606989264 23200
1605197846417 0.5457568584923301 23300
1605197852487 0.5459680966526493 23400
1605197858489 0.548175415573674 23500
1605197864152 0.5495213435685425 23600
1605197869881 0.5504726911770064 23700
1605197875697 0.5504466017837898 23800
1605197881419 0.5506733785816202 23900
1605197887305 0.5514042038238997 24000
1605197893011 0.5537299290815836 24100
1605197898909 0.553809862402147 24200
1605197904593 0.5546428799033678 24300
1605197910488 0.5549903801276366 24400
1605197916463 0.5554460099373357 24500
1605197922439 0.5563542884759005 24600
1605197928397 0.5558755971262609 24700
1605197934419 0.5568174924014964 24800
1605197940098 0.556749629377895 24900
1605197945817 0.5568751936557248 25000
1605197951378 0.5578416229197447 25100
1605197957133 0.5583363548785023 25200
1605197962966 0.5592454457322056 25300
1605197968631 0.5603040345753934 25400
1605197974246 0.5610401394295278 25500
1605197980066 0.5615744309876095 25600
1605197985902 0.5616612901501968 25700
1605197991871 0.5618383313932586 25800
1605197997778 0.5616721943621126 25900
1605198003724 0.562569260635942 26000
1605198009659 0.5631603055142788 26100
1605198015535 0.5636367340993333 26200
1605198021405 0.564307032078348 26300
1605198027318 0.5647849362953884 26400
1605198033175 0.5650001832236825 26500
1605198038728 0.5663516402440838 26600
1605198044276 0.5670931847494806 26700
1605198050212 0.5674572297865111 26800
1605198056232 0.5682485372151491 26900
1605198062273 0.568531303098526 27000
1605198068283 0.5690502749409092 27100
1605198074318 0.5699653694862844 27200
1605198080434 0.5705134360781843 27300
1605198086259 0.5705063586997914 27400
1605198092403 0.5706565013148525 27500
1605198098530 0.5709461355729486 27600
1605198104726 0.5718432763945105 27700
1605198110841 0.5716937390801993 27800
1605198116856 0.5718249625183299 27900
1605198122887 0.5718518493354134 28000
1605198128820 0.5719788309745629 28100
1605198134461 0.5726730555499262 28200
1605198140389 0.5729941842861871 28300
1605198146114 0.5733729256096897 28400
1605198151809 0.5739723841557538 28500
1605198157583 0.5741413894601385 28600
1605198163375 0.574129155836016 28700
1605198169254 0.5745948995362649 28800
1605198175272 0.5747963068840438 28900
1605198181135 0.5758984759664578 29000
1605198187171 0.5767001600726527 29100
1605198193223 0.5768485429766363 29200
1605198199354 0.5772383720719144 29300
1605198249534 0.6255792918248904 29400
1605198255936 0.6083816267989035 29500
1605198262080 0.6027196337378594 29600
1605198268436 0.6019981604913609 29700
1605198274544 0.5999769501069669 29800
1605198280420 0.605610277935387 29900
1605198286082 0.6061778287019954 30000
1605198291839 0.6075136397010716 30100
1605198297671 0.6057405767985862 30200
1605198303642 0.6087071149509111 30300
1605198309512 0.6098209740834827 30400
1605198315321 0.6101653529410402 30500
1605198321184 0.6111563122661998 30600
1605198326854 0.6096360259685009 30700
1605198332415 0.6117722282456108 30800
1605198338390 0.6118557070397814 30900
1605198344308 0.6124734248532395 31000
1605198350107 0.6133957684233751 31100
1605198355941 0.6120520049193672 31200
1605198361336 0.6143454497819403 31300
1605198367529 0.6144384191935959 31400
1605198373675 0.6156638385120853 31500
1605198379476 0.61529734352603 31600
1605198384825 0.614569661174032 31700
1605198390690 0.6158593063029887 31800
1605198396424 0.6164995115484452 31900
1605198402270 0.6160935562290595 32000
1605198407992 0.6168770444386266 32100
1605198413456 0.6176733024010808 32200
1605198418517 0.6163887764381236 32300
1605198424013 0.6173331928839338 32400
1605198429390 0.6177959055565951 32500
1605198435551 0.6179848452652391 32600
1605198441388 0.6180193213683995 32700
1605198447246 0.6179058613909678 32800
1605198453215 0.6188731506839771 32900
1605198459112 0.6185378809189854 33000
1605198465116 0.619533992319471 33100
1605198471066 0.6199957683449175 33200
1605198476965 0.6198856003315101 33300
1605198482799 0.6211397687947845 33400
1605198488826 0.6218398546240336 33500
1605198494965 0.6211264452588676 33600
1605198501052 0.6214840823190937 33700
1605198507047 0.6218294125916224 33800
1605198512935 0.6224048126354619 33900
1605198518757 0.6229317625072026 34000
1605198524527 0.6238389190905355 34100
1605198529856 0.6239785770623281 34200
1605198535029 0.62401692535595 34300
1605198540591 0.6243637600037837 34400
1605198546505 0.6246291332059862 34500
1605198552417 0.6249414466633695 34600
1605198558354 0.6249961971533072 34700
1605198564166 0.6254751665923702 34800
1605198570130 0.6256527734823614 34900
1605198575738 0.6257381884670006 35000
1605198581537 0.6264070995853958 35100
1605198587475 0.6269843675351959 35200
1605198593211 0.6276194939974953 35300
1605198598960 0.6280185062440505 35400
1605198604719 0.628221458346638 35500
1605198610665 0.6287122199721185 35600
1605198616554 0.6284821460444305 35700
1605198622257 0.6290030969357863 35800
1605198627740 0.6296629769193298 35900
1605198633679 0.630006800497809 36000
1605198639481 0.6303929434748146 36100
1605198645359 0.63047654098987 36200
1605198651191 0.6307697924511773 36300
1605198657077 0.6309206001210431 36400
1605198662969 0.6313587557036457 36500
1605198668629 0.6316972687000174 36600
1605198713639 0.6321470093137427 36700
1605198718830 0.6359437679340785 36800
1605198723728 0.6361295796009389 36900
1605198729608 0.6376697587650197 37000
1605198735369 0.6389406935363686 37100
1605198741410 0.6454502114289101 37200
1605198747432 0.6477215833713477 37300
1605198753155 0.6456321606653408 37400
1605198758909 0.6482310268557373 37500
1605198764566 0.6518008860693671 37600
1605198770130 0.6529284940325135 37700
1605198775865 0.6541832081103139 37800
1605198781438 0.652886923165815 37900
1605198786750 0.6546533311505822 38000
1605198792744 0.6544565445691223 38100
1605198798908 0.6551753655385437 38200
1605198804902 0.6572579130965533 38300
1605198810671 0.658091849875295 38400
1605198816653 0.6600527444236873 38500
1605198822233 0.6613793700401411 38600
1605198828032 0.6617401141305544 38700
1605198833675 0.6627351802220415 38800
1605198839272 0.6631580245029741 38900
1605198844738 0.6632650300724017 39000
1605198850515 0.6633361123856174 39100
1605198856607 0.6633859268258694 39200
1605198862686 0.6629473571461915 39300
1605198868577 0.6632089632160446 39400
1605198874390 0.6635832052299357 39500
1605198880254 0.6643156065196523 39600
1605198886074 0.6648856296133279 39700
1605198891911 0.6644895799971884 39800
1605198897685 0.6642374190662172 39900
1605198903166 0.6643067435080248 40000
1605198908776 0.6640003489948223 40100
1605198914296 0.6641939601252398 40200
1605198919891 0.6645376567258097 40300
1605198925670 0.6650321455068041 40400
1605198931617 0.6658764240521393 40500
1605198937431 0.6664604444199222 40600
1605198943304 0.6663320051378181 40700
1605198949086 0.6658105492468414 40800
1605198955176 0.6653328392796929 40900
1605198961396 0.6651313577573585 41000
1605198967139 0.6649988508182297 41100
1605198973163 0.6652964422764144 41200
1605198979315 0.6654814320025703 41300
1605198985283 0.6658603020666745 41400
1605198991172 0.6657215816479349 41500
1605198996929 0.6662617703979685 41600
1605199002619 0.666852602110904 41700
1605199008205 0.6668402548994254 41800
1605199013897 0.6670304850153668 41900
1605199019526 0.6669498185013338 42000
1605199025326 0.6677559924410686 42100
1605199031171 0.6672718329893517 42200
1605199037068 0.6671479170303021 42300
1605199042893 0.6670934002651165 42400
1605199048612 0.6671706661700798 42500
1605199053694 0.6677741851811254 42600
1605199059178 0.6679055540719292 42700
1605199064741 0.668117478957295 42800
1605199070467 0.6682973289244598 42900
1605199076277 0.6685489909320671 43000
1605199082223 0.6688087559164018 43100
1605199088117 0.6691116468885027 43200
1605199093921 0.6691278059779159 43300
1605199099746 0.6689938610099172 43400
1605199105682 0.6690571555620914 43500
1605199111496 0.6693331631189934 43600
1605199117156 0.6698473970325461 43700
1605199123199 0.6698605944721766 43800
1605199128928 0.6697593408618135 43900
1605199174321 0.6809232597467891 44000
1605199180059 0.6816072599634797 44100
1605199185678 0.6915316786636999 44200
1605199191418 0.6968272359422663 44300
1605199197288 0.6951114417967251 44400
1605199203208 0.6964498196160741 44500
1605199209168 0.6957215016590247 44600
1605199214986 0.6978364806523656 44700
1605199220967 0.6970016801309792 44800
1605199226794 0.6992120526746168 44900
1605199232638 0.699879507209419 45000
1605199238682 0.6963113526337166 45100
1605199244486 0.6944109180469564 45200
1605199250239 0.6942350786650267 45300
1605199256205 0.6951397997093804 45400
1605199261803 0.6955857656061809 45500
1605199267736 0.6947343404759562 45600
1605199273548 0.6942352842919328 45700
1605199279436 0.6938631733519387 45800
1605199285300 0.6939703260869249 45900
1605199290876 0.6938067423362024 46000
1605199296496 0.6935207006737458 46100
1605199302309 0.6956067998254816 46200
1605199307803 0.6948637120144179 46300
1605199313690 0.6944212196002443 46400
1605199319529 0.6951209858147875 46500
1605199325376 0.6950520998498528 46600
1605199331306 0.6939645485722732 46700
1605199337201 0.6933557305508262 46800
1605199343098 0.6939032532520959 46900
1605199349051 0.6935161540665634 47000
1605199354762 0.693551498364152 47100
1605199360547 0.693144938912895 47200
1605199366565 0.6928469120018867 47300
1605199372459 0.6939144945561029 47400
1605199378451 0.6934884886087387 47500
1605199384372 0.6935254682776277 47600
1605199390378 0.6933339694181937 47700
1605199396291 0.6937850122017579 47800
1605199402103 0.6934643850042581 47900
1605199407764 0.6930248234127352 48000
1605199413660 0.6932701033710142 48100
1605199419555 0.6931066436154594 48200
1605199425339 0.6924431583020009 48300
1605199431333 0.6925074117080298 48400
1605199437214 0.6923884579107229 48500
1605199443135 0.6923311415046266 48600
1605199449012 0.6925175291342949 48700
1605199454485 0.6928322795872175 48800
1605199460258 0.6928060888353863 48900
1605199466311 0.6920974236174354 49000
1605199472283 0.6920901952465164 49100
1605199478204 0.6921524745650179 49200
1605199484275 0.6923316778356045 49300
1605199490375 0.6922009490627179 49400
1605199496474 0.6923260295800933 49500
1605199502330 0.69260919554749 49600
1605199508356 0.6925439610295764 49700
1605199514482 0.6930717897429026 49800
1605199520511 0.6928851087976342 49900
1605199526434 0.6930654488868033 50000
1605199532370 0.6933720698917032 50100
1605199538216 0.6935971334259545 50200
1605199543688 0.6937768196641371 50300
1605199549485 0.6938997088299184 50400
1605199555313 0.6940535987982822 50500
1605199560922 0.6941548524129082 50600
1605199566281 0.6944070410670934 50700
1605199571484 0.6944456506625146 50800
1605199576987 0.6945826548847036 50900
1605199582417 0.694613587192866 51000
1605199587734 0.6947990929628413 51100
1605199593186 0.695080655788766 51200
1605199598518 0.6953212598232744 51300
1605199644956 0.7198010483516347 51400
1605199650904 0.7267043092509733 51500
1605199656732 0.7186655077476577 51600
1605199662488 0.7204581587904159 51700
1605199668142 0.7194624145165057 51800
1605199674004 0.7169847692951616 51900
1605199679913 0.7155033553736562 52000
1605199685771 0.7140248775795022 52100
1605199691644 0.7118623276083016 52200
1605199697369 0.7107941071928197 52300
1605199703327 0.7084309695807464 52400
1605199709610 0.7102092023267613 52500
1605199715474 0.7106849361441739 52600
1605199720874 0.7106478288306487 52700
1605199726359 0.7097545567821953 52800
1605199732263 0.7095696421699215 52900
1605199737946 0.7092995082678144 53000
1605199743549 0.7096672640732367 53100
1605199749479 0.7094597830400652 53200
1605199755342 0.7093732146129796 53300
1605199761274 0.7098271749134001 53400
1605199767019 0.7103785185696841 53500
1605199772367 0.7104113791592496 53600
1605199778340 0.7091730098264313 53700
1605199784612 0.7079931100798451 53800
1605199790240 0.7075135761323419 53900
1605199795798 0.7076486677773146 54000
1605199801190 0.7079928227129662 54100
1605199807008 0.707914604204884 54200
1605199812756 0.7078045174832954 54300
1605199818514 0.7067684447494429 54400
1605199824350 0.7069042997506052 54500
1605199830119 0.7070571070696758 54600
1605199835956 0.7075535260517534 54700
1605199841736 0.7081155578444164 54800
1605199847563 0.708806301460235 54900
1605199853118 0.7084028624580146 55000
1605199858635 0.708160030156239 55100
1605199864154 0.7083041650395466 55200
1605199870159 0.7083774600085341 55300
1605199876075 0.7086783041520569 55400
1605199882037 0.7089629809265331 55500
1605199887699 0.7092008350986665 55600
1605199893614 0.7099519582219104 55700
1605199899505 0.71023818259299 55800
1605199905137 0.7101059085811126 55900
1605199910797 0.7104401730190549 56000
1605199916654 0.7106652410212353 56100
1605199922428 0.7104203037833615 56200
1605199928262 0.7101961550257881 56300
1605199933967 0.7103424584938078 56400
1605199939724 0.7104526650285463 56500
1605199945579 0.7101184390925961 56600
1605199951439 0.7106142645295627 56700
1605199957310 0.7106575855745563 56800
1605199963073 0.7109122006079301 56900
1605199968820 0.7106093875304565 57000
1605199974554 0.7109297373187 57100
1605199980526 0.7107599799897187 57200
1605199986189 0.710619077999538 57300
1605199991999 0.7107255860672818 57400
1605199997854 0.7106486986735628 57500
1605200003281 0.7104273807301185 57600
1605200009009 0.7102703217794593 57700
1605200014979 0.7103950100228077 57800
1605200020927 0.7105322455403414 57900
1605200026878 0.7107047001710404 58000
1605200032692 0.7105836095032136 58100
1605200038766 0.7105967913187843 58200
1605200044790 0.710559404264507 58300
1605200050607 0.7103187655266208 58400
1605200056289 0.7102219893016711 58500
1605200062050 0.7100592728562369 58600
1605200107436 0.6854113413952831 58700
1605200113376 0.724277059649647 58800
1605200119205 0.7256568519635901 58900
1605200125105 0.7293853329988724 59000
1605200130788 0.7287069590161815 59100
1605200136709 0.7223653091466116 59200
1605200142594 0.7208635074736337 59300
1605200148525 0.723250441341121 59400
1605200154588 0.7259225140491339 59500
1605200160383 0.7238420239069915 59600
1605200166375 0.7232014372321787 59700
1605200172312 0.7235023867507497 59800
1605200178032 0.724075796684682 59900
1605200183694 0.7218518121897454 60000
1605200189706 0.7215712644517687 60100
1605200195548 0.7217404893915387 60200
1605200200905 0.7220086576845379 60300
1605200206528 0.7222074725340265 60400
1605200212485 0.7239084392758098 60500
1605200218530 0.7240832616152829 60600
1605200224460 0.72449427294852 60700
1605200230108 0.7256821477305839 60800
1605200236045 0.7254957048135047 60900
1605200241971 0.7254064265791078 61000
1605200247930 0.724019635835814 61100
1605200253886 0.7249800350036685 61200
1605200259958 0.7247293278133079 61300
1605200265910 0.7242212683527929 61400
1605200271846 0.7241859500443011 61500
1605200277636 0.723796654553709 61600
1605200283659 0.7235373661050357 61700
1605200289836 0.7232825102043254 61800
1605200295743 0.7234625996614452 61900
1605200301694 0.7234989341495811 62000
1605200307446 0.7243260109270535 62100
1605200313039 0.7245413459746441 62200
1605200318832 0.7243979024407866 62300
1605200324546 0.7246968545299333 62400
1605200330276 0.7246331722991115 62500
1605200336048 0.7250772745516353 62600
1605200341643 0.725371385505267 62700
1605200347436 0.7256885998302595 62800
1605200353479 0.7253784820977836 62900
1605200359497 0.7249754235856273 63000
1605200365035 0.7246995244083978 63100
1605200371019 0.7242288250678939 63200
1605200376724 0.7244676991827578 63300
1605200382638 0.7242119401235846 63400
1605200388651 0.7246147055709388 63500
1605200394609 0.7248985717568652 63600
1605200400663 0.7251090594177176 63700
1605200406594 0.7257801184013954 63800
1605200412684 0.7255381126948656 63900
1605200418816 0.7264629555348072 64000
1605200424701 0.7262307937843259 64100
1605200430774 0.7260602412483701 64200
1605200436655 0.7267348549336206 64300
1605200442154 0.7269811257081888 64400
1605200447974 0.7272740201808543 64500
1605200453865 0.7272910064718248 64600
1605200459546 0.7270937565699708 64700
1605200465332 0.7272443916091597 64800
1605200470959 0.7270490232718766 64900
1605200476732 0.7272075398927262 65000
1605200482455 0.7270586845952012 65100
1605200488059 0.7270897254973984 65200
1605200493856 0.7277206144833519 65300
1605200499659 0.7277643688625105 65400
1605200505481 0.7272331719757213 65500
1605200511317 0.727197656584638 65600
1605200517011 0.7274973807787403 65700
1605200522621 0.7277068318797961 65800
1605200528266 0.7278835562476823 65900
1605200574473 0.7022668898868589 66000
1605200580289 0.7408286200344871 66100
1605200586114 0.7421028499763811 66200
1605200591923 0.7466350302838414 66300
1605200597646 0.7395396219018071 66400
1605200603488 0.7326138882815016 66500
1605200609475 0.7332274223734183 66600
1605200615397 0.7306844689336656 66700
1605200621058 0.7337900613638524 66800
1605200626934 0.732832688382725 66900
1605200632810 0.7307274498857869 67000
1605200638738 0.731483220013773 67100
1605200644792 0.7327990368961086 67200
1605200650840 0.7313944886470558 67300
1605200656761 0.731307453435642 67400
1605200662825 0.73197960520313 67500
1605200668610 0.7324673151199144 67600
1605200674699 0.7331581010348784 67700
1605200680551 0.7334473598106371 67800
1605200686379 0.7339978063871462 67900
1605200692238 0.7350077938777348 68000
1605200698102 0.7360986331626221 68100
1605200704052 0.7360816486468515 68200
1605200709915 0.7363689639095217 68300
1605200715601 0.7367125170146537 68400
1605200721614 0.7366608740905041 68500
1605200727614 0.7368761842084048 68600
1605200733603 0.7365483878784905 68700
1605200739517 0.736692847651231 68800
1605200745151 0.7362923718003507 68900
1605200750936 0.7374477883917431 69000
1605200756527 0.7383443961423278 69100
1605200762166 0.7380989274323803 69200
1605200768167 0.7386238913263357 69300
1605200773921 0.7386419624039122 69400
1605200779811 0.7387080757619191 69500
1605200785511 0.7389605846280947 69600
1605200791333 0.7387135307832485 69700
1605200797144 0.7384757908861137 69800
1605200802882 0.7385793848295981 69900
1605200808564 0.7386884316876178 70000
1605200814177 0.7389728645903342 70100
1605200820008 0.7387052745478943 70200
1605200825918 0.7388735986915607 70300
1605200831819 0.7391401658031214 70400
1605200837338 0.7397147251669167 70500
1605200842754 0.7394562902270622 70600
1605200848615 0.7396599404038257 70700
1605200854542 0.7392540618596057 70800
1605200859868 0.740056017163996 70900
1605200865007 0.7400665740647218 71000
1605200870630 0.7403672885129827 71100
1605200876652 0.7407541699689548 71200
1605200882764 0.7407989869901004 71300
1605200888790 0.7407516114858236 71400
1605200894841 0.741288640196698 71500
1605200900912 0.7410000899836 71600
1605200906907 0.7413587524226746 71700
1605200912901 0.7417530870721635 71800
1605200918965 0.7411175055290431 71900
1605200925083 0.7413312588171725 72000
1605200931094 0.7416443496967877 72100
1605200936903 0.7417518612799305 72200
1605200942587 0.7415793076725589 72300
1605200948148 0.7420542734092794 72400
1605200953757 0.741854224796515 72500
1605200959507 0.742165982723263 72600
1605200965428 0.7421862646563555 72700
1605200971479 0.7419111410517557 72800
1605200977409 0.7420711449141495 72900
1605200983297 0.7422332098587042 73000
1605200989323 0.7425858004745428 73100
1605200995321 0.7424234256261079 73200
1605201001320 0.742877745701912 73300
1605201048448 0.7353365638790355 73400
1605201054149 0.7515346809690248 73500
1605201059958 0.7419713507282697 73600
1605201065888 0.7433224501912685 73700
1605201071851 0.7416638349051172 73800
1605201077905 0.7444125131969425 73900
1605201083889 0.7449121570868871 74000
1605201089877 0.7489609499079478 74100
1605201095846 0.7464317916956043 74200
1605201101677 0.7451923963715703 74300
1605201107670 0.7445551098081905 74400
1605201113709 0.743805319041407 74500
1605201119721 0.7437245804323556 74600
1605201125692 0.7435588162876602 74700
1605201131544 0.7425777316098344 74800
1605201137365 0.743026585123403 74900
1605201143301 0.7429440782435319 75000
1605201149116 0.7426358371818099 75100
1605201155089 0.7418378724282377 75200
1605201161066 0.7413306142777284 75300
1605201166773 0.7424955100330768 75400
1605201172183 0.7428113954901922 75500
1605201177767 0.7424552626150385 75600
1605201183471 0.7434097547265888 75700
1605201189261 0.7435134806944587 75800
1605201195011 0.744934530497142 75900
1605201200493 0.7437647954998383 76000
1605201206026 0.7445558301650967 76100
1605201211960 0.7450528748974689 76200
1605201217918 0.7448445147912512 76300
1605201223260 0.7446906784848425 76400
1605201228370 0.7447791121414982 76500
1605201233971 0.7453139959778607 76600
1605201240003 0.7453370783573716 76700
1605201245607 0.7457226061993698 76800
1605201251639 0.7460598880396694 76900
1605201257644 0.7458437831781121 77000
1605201263688 0.7457027488541423 77100
1605201269593 0.7462146864991986 77200
1605201275512 0.7464561250133881 77300
1605201281259 0.7465292496801181 77400
1605201286945 0.7461315007718596 77500
1605201292683 0.7461827005711624 77600
1605201298485 0.7466634497427092 77700
1605201304404 0.7465724785319251 77800
1605201310191 0.7469797498453012 77900
1605201316108 0.7466916575383852 78000
1605201322072 0.7470260317817168 78100
1605201327793 0.7474616452859636 78200
1605201333492 0.7476454899638839 78300
1605201339244 0.7474963286720959 78400
1605201344979 0.7473197497362623 78500
1605201350898 0.7473500245359644 78600
1605201356819 0.7474593851012594 78700
1605201362606 0.7476140575663186 78800
1605201368526 0.7475431448928287 78900
1605201374518 0.7477009902626582 79000
1605201380404 0.7480261886552232 79100
1605201386280 0.748024425807033 79200
1605201392157 0.7480298532105973 79300
1605201398112 0.74829382818393 79400
1605201404108 0.748101288078086 79500
1605201410133 0.7483457513636342 79600
1605201416029 0.7486486781064481 79700
1605201421934 0.7487402145698245 79800
1605201427872 0.7489451307882689 79900
1605201433961 0.7490199346955274 80000
1605201439754 0.7492437126458124 80100
1605201445776 0.7493212160032101 80200
1605201451647 0.7492628774498727 80300
1605201457453 0.7496346702015748 80400
1605201462984 0.7497558651704501 80500
1605201468554 0.7499156118698608 80600
1605201513989 0.7583896295680189 80700
1605201519418 0.7580731069126638 80800
1605201524658 0.7550452235759062 80900
1605201530229 0.7589392245754262 81000
1605201535905 0.7607080418001326 81100
1605201541508 0.7588734187105323 81200
1605201547430 0.7586921339511654 81300
1605201553436 0.7588330198210981 81400
1605201559552 0.7611461428702233 81500
1605201565632 0.7598681430515699 81600
1605201571769 0.7600441503396698 81700
1605201577735 0.7604331511655603 81800
1605201583559 0.7582565059244877 81900
1605201589339 0.7582893664394248 82000
1605201595312 0.7579964312910572 82100
1605201601093 0.7594247922085003 82200
1605201606930 0.7583255118553697 82300
1605201612733 0.7587020229761698 82400
1605201618535 0.75851435702473 82500
1605201624585 0.7586159963158303 82600
1605201630358 0.7567053742881361 82700
1605201635904 0.7570305145043275 82800
1605201641550 0.756349990949065 82900
1605201647118 0.7572148220398626 83000
1605201652920 0.7570915949451668 83100
1605201658871 0.7561069401838517 83200
1605201664840 0.7561159501447998 83300
1605201670782 0.7559036450181089 83400
1605201676606 0.7563192160352106 83500
1605201682166 0.7570156266211577 83600
1605201687700 0.7573087819042862 83700
1605201693675 0.757846784787697 83800
1605201699707 0.7574681218548528 83900
1605201705765 0.7575606698006808 84000
1605201711191 0.7581627684778119 84100
1605201717031 0.7582489048368958 84200
1605201722758 0.7575968321196052 84300
1605201728679 0.7580198793706917 84400
1605201734408 0.7584907906755134 84500
1605201740371 0.7583250814952036 84600
1605201746256 0.7585935567267961 84700
1605201752180 0.758556112892308 84800
1605201757840 0.7595508609640867 84900
1605201763511 0.7592764230589018 85000
1605201769499 0.7588210921206341 85100
1605201775511 0.7588436553143352 85200
1605201781423 0.759110359104189 85300
1605201787270 0.7592324120640223 85400
1605201793114 0.7589781918547339 85500
1605201798991 0.7590381750517243 85600
1605201804961 0.7587965651759141 85700
1605201811062 0.7584431415088905 85800
1605201817231 0.7581471991523796 85900
1605201823362 0.7578113184336783 86000
1605201829381 0.7578382475879115 86100
1605201835373 0.7579463107192739 86200
1605201841437 0.7578805812650435 86300
1605201847396 0.7577373189684727 86400
1605201853394 0.7581347003167338 86500
1605201859266 0.7580516191676017 86600
1605201865197 0.7580083418966834 86700
1605201871258 0.7581328594387517 86800
1605201877080 0.7582310354590962 86900
1605201883031 0.7584258518136845 87000
1605201889046 0.7583212325821461 87100
1605201895111 0.7583414636459155 87200
1605201901095 0.758724485779144 87300
1605201907129 0.7582728059543361 87400
1605201913052 0.7584066779292505 87500
1605201918800 0.7582662131091186 87600
1605201924214 0.7583903576869823 87700
1605201929803 0.7586212008710872 87800
1605201935363 0.7586168947934087 87900
1605201981230 0.755556381982169 88000
1605201987033 0.7465255364884381 88100
1605201992921 0.7637140588157704 88200
1605201998681 0.7647284764666977 88300
1605202004100 0.7676228886265088 88400
1605202009847 0.7683713805015377 88500
1605202015975 0.7634633169942434 88600
1605202021860 0.7613576344880733 88700
1605202027873 0.7609441659843406 88800
1605202033920 0.7612861933660114 88900
1605202039856 0.7631353268391723 89000
1605202045740 0.762407506593832 89100
1605202051642 0.76220664703897 89200
1605202057528 0.7612667817842038 89300
1605202063250 0.7626811537485729 89400
1605202069423 0.7633820332718033 89500
1605202075008 0.7611554787573636 89600
1605202080985 0.7607326279318253 89700
1605202086874 0.7607805867959094 89800
1605202092654 0.7596671591539017 89900
1605202098338 0.7582171150633167 90000
1605202104245 0.7599213371778484 90100
1605202110205 0.7592828593723827 90200
1605202116075 0.7583654419942985 90300
1605202121871 0.7583831283183239 90400
1605202127902 0.7592299131402518 90500
1605202133899 0.758835693016114 90600
1605202139895 0.7599054524028371 90700
1605202145842 0.7604815860186473 90800
1605202151851 0.7607441807792635 90900
1605202157795 0.7610173933995564 91000
1605202163483 0.7607276608625316 91100
1605202168565 0.7608898478573828 91200
1605202173624 0.761503720696725 91300
1605202179349 0.762405265895105 91400
1605202184773 0.7624044921624079 91500
1605202190430 0.7620979842074167 91600
1605202196255 0.76236379297579 91700
1605202202136 0.7626365792862786 91800
1605202207809 0.7628939538120096 91900
1605202213573 0.7622675907467713 92000
1605202218957 0.7623537845959049 92100
1605202224610 0.7627095666042952 92200
1605202230148 0.7630578740205979 92300
1605202236239 0.763311195555932 92400
1605202242292 0.7634688186789402 92500
1605202247762 0.7637189097889986 92600
1605202253663 0.7638733111133722 92700
1605202259713 0.7637146478065512 92800
1605202265573 0.7638541684716068 92900
1605202271536 0.7639273915772768 93000
1605202277568 0.7642749800632926 93100
1605202283473 0.7639272562288535 93200
1605202289503 0.7639048658643262 93300
1605202295471 0.7642909130636271 93400
1605202301519 0.7642155073662649 93500
1605202307429 0.7642932647931487 93600
1605202313324 0.7641906156320653 93700
1605202319288 0.7644245251825115 93800
1605202325260 0.7645113066269784 93900
1605202331022 0.7644013156218387 94000
1605202337071 0.7644576573492344 94100
1605202343137 0.7642324195610267 94200
1605202349261 0.7648164820932204 94300
1605202355398 0.7646282796162989 94400
1605202361293 0.765172446925595 94500
1605202367195 0.7654338412972937 94600
1605202373119 0.7651291401293286 94700
1605202379055 0.7651274017390431 94800
1605202385097 0.7657145816321193 94900
1605202391097 0.7656110117883815 95000
1605202397123 0.7654688092896421 95100
1605202403086 0.7655370468943281 95200
1605202408978 0.765811442192305 95300
1605202455002 0.7950213039226023 95400
1605202460757 0.7758556013205034 95500
1605202466669 0.7675982474823095 95600
1605202472586 0.7613509592734028 95700
1605202478583 0.7567261786704542 95800
1605202484589 0.762963166556448 95900
1605202490247 0.7631344544645928 96000
1605202495413 0.7660951126902964 96100
1605202500619 0.7654956237734197 96200
1605202506184 0.7658959756332854 96300
1605202511786 0.7681757397213611 96400
1605202517489 0.770179958266812 96500
1605202523257 0.7686239618948172 96600
1605202529181 0.7685596470575985 96700
1605202535130 0.7667933725275893 96800
1605202540829 0.7679532647105642 96900
1605202546700 0.7688128762974987 97000
1605202552610 0.7696127252955026 97100
1605202558238 0.7699758037596149 97200
1605202564085 0.7697712574780169 97300
1605202569888 0.7706659285279246 97400
1605202575829 0.7713449768171781 97500
1605202581789 0.771344148857519 97600
1605202587769 0.7713189832450803 97700
1605202593608 0.7717903236034234 97800
1605202599370 0.7727594978928719 97900
1605202604905 0.7726370148201076 98000
1605202610805 0.7727511357831581 98100
1605202616760 0.7740296414833951 98200
1605202622764 0.7734309373262944 98300
1605202628733 0.7740101134531945 98400
1605202634444 0.7735903651579207 98500
1605202639933 0.7733100104304942 98600
1605202645152 0.7735639619364657 98700
1605202650949 0.7745092145804342 98800
1605202656713 0.7742536324843703 98900
1605202662487 0.7743354588936822 99000
1605202668343 0.7747134592416212 99100
1605202674266 0.7746616053913379 99200
1605202680312 0.7740431844997384 99300
1605202686330 0.7743635629146132 99400
1605202691806 0.7743087429817018 99500
1605202697383 0.7745621525676041 99600
1605202702848 0.7745459820931769 99700
1605202708786 0.7744193563621165 99800
1605202714824 0.7740852593221851 99900
1605202720951 0.7746260229249124 100000
1605202727099 0.7742644404359627 100100
1605202733226 0.774567102076555 100200
1605202739156 0.7743389825282794 100300
1605202744962 0.7740674230044597 100400
1605202750629 0.7738985882902683 100500
1605202756454 0.7742222484063662 100600
1605202762434 0.7746612963988054 100700
1605202768558 0.7748886732014414 100800
1605202774357 0.7752301317440882 100900
1605202780218 0.7752829182289693 101000
1605202786020 0.7751958683394593 101100
1605202791861 0.7754213373190152 101200
1605202797526 0.7751932896885185 101300
1605202803454 0.7748999701365277 101400
1605202809476 0.7748153650378579 101500
1605202815659 0.774770398652895 101600
1605202821647 0.7750369352436512 101700
1605202827649 0.7748734598943743 101800
1605202833647 0.7749744212091922 101900
1605202839642 0.7753153227651476 102000
1605202845407 0.7752659844520127 102100
1605202851376 0.7749399739171274 102200
1605202857454 0.775166399954528 102300
1605202863504 0.7750504189002589 102400
1605202869464 0.7752419126297709 102500
1605202875382 0.7749810152506205 102600
1605202922072 0.7561430408480473 102700
1605202928073 0.7783773455012595 102800
1605202934060 0.78082084739832 102900
1605202939935 0.7773078294093895 103000
1605202945898 0.7767538819359121 103100
1605202951944 0.7732789366844134 103200
1605202957969 0.7759362598245654 103300
1605202963849 0.7757068743823805 103400
1605202969716 0.7772810931446775 103500
1605202975543 0.7734646530086453 103600
1605202981156 0.774037766873035 103700
1605202986978 0.776153468391445 103800
1605202992693 0.7760193297580651 103900
1605202998557 0.7749425296844921 104000
1605203004549 0.7762900632376397 104100
1605203010228 0.776523635030604 104200
1605203016079 0.7761327166066214 104300
1605203021966 0.7773688858813333 104400
1605203027984 0.7789039128816058 104500
1605203034020 0.7778934145723253 104600
1605203039764 0.7785224597758595 104700
1605203045806 0.7788317065595977 104800
1605203051891 0.7779808798036904 104900
1605203057910 0.7778837538403148 105000
1605203063967 0.7772603599086694 105100
1605203070076 0.7759508784460019 105200
1605203076059 0.7759955950596716 105300
1605203082103 0.7762068904186383 105400
1605203087935 0.7765692894877761 105500
1605203093819 0.7768863845194169 105600
1605203099630 0.7776670032140908 105700
1605203105324 0.7778701244116176 105800
1605203111388 0.7783192377574201 105900
1605203117338 0.7784038709460387 106000
1605203123266 0.7793348058855183 106100
1605203129085 0.7784930536786657 106200
1605203134884 0.7791298106955856 106300
1605203140665 0.7793497752101095 106400
1605203145702 0.7798502370214185 106500
1605203151466 0.7799240421256768 106600
1605203157316 0.7805278212500807 106700
1605203163166 0.7800275296875695 106800
1605203168967 0.7796975787360878 106900
1605203174886 0.7790315175710036 107000
1605203180733 0.7790962094552992 107100
1605203186534 0.7789982767838664 107200
1605203192639 0.7786981472799163 107300
1605203198714 0.7790104105452783 107400
1605203204711 0.7793821525226042 107500
1605203210713 0.7794788275618808 107600
1605203216766 0.7797765074029985 107700
1605203222916 0.7796737725607595 107800
1605203228739 0.7792018441561758 107900
1605203234389 0.7799258304896515 108000
1605203240314 0.780091099439933 108100
1605203246308 0.7795871676493815 108200
1605203252411 0.7795455250747634 108300
1605203258562 0.7796716402941356 108400
1605203264599 0.7791948499753539 108500
1605203270478 0.7796009094156853 108600
1605203276422 0.7800472579419129 108700
1605203282245 0.7798821240366486 108800
1605203288204 0.7797101083451611 108900
1605203294116 0.779969326095413 109000
1605203300037 0.7800914925028629 109100
1605203305950 0.7797067275276711 109200
1605203311864 0.7796433972266905 109300
1605203317555 0.7798455250436387 109400
1605203323306 0.7800362174164597 109500
1605203329059 0.7801275099364559 109600
1605203335051 0.7798563649720806 109700
1605203341155 0.779816182275748 109800
1605203347147 0.7800932824258299 109900
1605203393205 0.7624959383507479 110000
1605203399036 0.7891074514672389 110100
1605203404759 0.7848365234282446 110200
1605203410542 0.7829768960127892 110300
1605203416307 0.7809203593131107 110400
1605203422040 0.7847379299690515 110500
1605203427643 0.780727180977278 110600
1605203433531 0.7802070984639841 110700
1605203439466 0.7800825779552677 110800
1605203445379 0.7808600403894789 110900
1605203451336 0.7835448805102009 111000
1605203457283 0.7800131394315551 111100
1605203463374 0.7817763304926844 111200
1605203469516 0.7813300040284028 111300
1605203475273 0.7815357630893929 111400
1605203481268 0.7808303053159718 111500
1605203487004 0.7813181099931128 111600
1605203492908 0.7812427323518077 111700
1605203498919 0.782357370390099 111800
1605203504600 0.7830738418904554 111900
1605203510335 0.7839855695755478 112000
1605203516056 0.7829024023571172 112100
1605203521704 0.7834274119500813 112200
1605203527532 0.7835272907866316 112300
1605203533281 0.7829561881744358 112400
1605203539074 0.7826656654732994 112500
1605203545011 0.7829977492572116 112600
1605203550728 0.7824249384939175 112700
1605203556525 0.7824944655893762 112800
1605203562331 0.7828706823473938 112900
1605203567968 0.7832328604763343 113000
1605203573524 0.7826055686991346 113100
1605203579334 0.7831008086601463 113200
1605203584980 0.7826879655837586 113300
1605203590682 0.7834618526793381 113400
1605203596492 0.7831659495592066 113500
1605203602395 0.7827295300819855 113600
1605203608181 0.7833218917971032 113700
1605203613862 0.7841833551252815 113800
1605203619676 0.784417012332453 113900
1605203625794 0.7840818174497242 114000
1605203631718 0.7834809286557459 114100
1605203637627 0.7830051849208178 114200
1605203643338 0.7828098972758479 114300
1605203649181 0.783057675327856 114400
1605203654974 0.7833998644751775 114500
1605203660700 0.7836769540150652 114600
1605203666321 0.7836257147250664 114700
1605203672039 0.7837579272242613 114800
1605203677897 0.7837503575081003 114900
1605203683619 0.7833009242136459 115000
1605203689533 0.7835900478745852 115100
1605203695167 0.7838394811777212 115200
1605203700626 0.7838369814718457 115300
1605203706628 0.7839111107720685 115400
1605203712322 0.7841350627282978 115500
1605203717946 0.7845062539962167 115600
1605203723688 0.7845434495274295 115700
1605203729625 0.7853214378157041 115800
1605203735546 0.785516355134442 115900
1605203741450 0.7856687431963886 116000
1605203747114 0.7857714378197496 116100
1605203753018 0.7856245897114105 116200
1605203759027 0.7857145034541809 116300
1605203764783 0.7860348292487187 116400
1605203770600 0.7860376165576474 116500
1605203775911 0.7857785709837855 116600
1605203781069 0.7855509338045351 116700
1605203786542 0.7854035967408952 116800
1605203791964 0.7850055600835538 116900
1605203797619 0.7850518520386036 117000
1605203803536 0.7848434201071304 117100
1605203809354 0.7849548089123513 117200
1605203854853 0.6833333333333333 117300
1605203860526 0.809314524415638 117400
1605203865845 0.7863915971204184 117500
1605203871602 0.7875829515806239 117600
1605203877537 0.7879855887244934 117700
1605203883223 0.7922729114828819 117800
1605203888967 0.7914854869845038 117900
1605203894691 0.7918712558023681 118000
1605203900466 0.7910554542717396 118100
1605203906171 0.7897322974069272 118200
1605203911858 0.7877351124807581 118300
1605203917155 0.7879139526660487 118400
1605203922904 0.7864867810158573 118500
1605203928674 0.7856941806202531 118600
1605203934318 0.7866620112685287 118700
1605203939968 0.7872398591858697 118800
1605203945862 0.7871446028223592 118900
1605203951757 0.7868439239111378 119000
1605203957650 0.7863325209737845 119100
1605203962966 0.7870358297447723 119200
1605203968706 0.7859268933605106 119300
1605203974609 0.7855548961055041 119400
1605203980350 0.7858878525650337 119500
1605203986103 0.7860916888355063 119600
1605203991845 0.7862449600219242 119700
1605203997781 0.7858830301968871 119800
1605204003602 0.7854775022007461 119900
1605204008862 0.7853722033166001 120000
1605204014839 0.7853297751037029 120100
1605204020739 0.7859533827370202 120200
1605204026418 0.7862704610181017 120300
1605204032477 0.7858660878253836 120400
1605204038604 0.7856912158790273 120500
1605204044675 0.7861262307629382 120600
1605204050707 0.7865906182019103 120700
1605204056512 0.7867195473768015 120800
1605204062378 0.786750356526053 120900
1605204068270 0.7869687495818724 121000
1605204074179 0.7872377889428875 121100
1605204080123 0.7875796040670189 121200
1605204085918 0.788319227004803 121300
1605204091691 0.7881840547696486 121400
1605204097183 0.7883268587502251 121500
1605204102897 0.7886200587280563 121600
1605204108124 0.7884150445790755 121700
1605204114149 0.7878151419255537 121800
1605204120050 0.7875038946111783 121900
1605204125680 0.7878120206929348 122000
1605204131371 0.7879692142043775 122100
1605204137129 0.7878709446625357 122200
1605204142874 0.7878850059845772 122300
1605204148667 0.7877920358936407 122400
1605204154469 0.787735068612903 122500
1605204160269 0.7878661800277115 122600
1605204166151 0.7877787081650048 122700
1605204172163 0.7878384559578241 122800
1605204178126 0.7877209860019965 122900
1605204184003 0.7880224245308234 123000
1605204189879 0.7876892609377955 123100
1605204195662 0.7874842055358118 123200
1605204201408 0.7875227360896105 123300
1605204207072 0.7878088996497614 123400
1605204212945 0.7877845519503787 123500
1605204218875 0.7875732220813964 123600
1605204224840 0.7875289046709432 123700
1605204230887 0.7875842470943017 123800
1605204236782 0.7877282612423417 123900
1605204242845 0.7878120330432655 124000
1605204248819 0.7877791231430291 124100
1605204254529 0.7878901504789417 124200
1605204260620 0.7878146346301669 124300
1605204266703 0.7876217881897032 124400
1605204272765 0.787706389509855 124500
1605204278679 0.7881374905275973 124600
1605204324333 0.751345291081654 124700
1605204330079 0.778714754122988 124800
1605204335965 0.7821815580074272 124900
1605204342013 0.7846288322183267 125000
1605204347779 0.7869049730718422 125100
1605204353700 0.7899231062842654 125200
1605204359731 0.7896933539634805 125300
1605204365656 0.788243841121943 125400
1605204371514 0.7886000554085245 125500
1605204377524 0.788426883459537 125600
1605204383604 0.7885877600797656 125700
1605204389638 0.7861233173314147 125800
1605204395632 0.7869858847852432 125900
1605204401636 0.7892492584385244 126000
1605204407781 0.7899446991668911 126100
1605204413843 0.7904469280818944 126200
1605204419758 0.790237861156042 126300
1605204425771 0.7907902326802547 126400
1605204431725 0.7914916184595402 126500
1605204437869 0.7923465146692791 126600
1605204443706 0.7931699918688113 126700
1605204449617 0.7928974575587127 126800
1605204455550 0.793075845291989 126900
1605204461565 0.7928624159725031 127000
1605204467410 0.7932392012887448 127100
1605204473242 0.7936894136371315 127200
1605204479236 0.7937687330338121 127300
1605204485295 0.793425063694621 127400
1605204491149 0.7939197044921864 127500
1605204497217 0.7938581961203968 127600
1605204503393 0.7923558138347715 127700
1605204509388 0.7920412026950852 127800
1605204515405 0.7927620528062811 127900
1605204521529 0.792948557779857 128000
1605204527574 0.7928089606045186 128100
1605204533572 0.7927564248772914 128200
1605204539414 0.7925292075664483 128300
1605204545366 0.7924801653698493 128400
1605204551250 0.7927156954217374 128500
1605204556986 0.7929515459862149 128600
1605204563090 0.7929525141969175 128700
1605204569254 0.792987271051812 128800
1605204575128 0.7924071891399017 128900
1605204581009 0.7932607535129648 129000
1605204586766 0.7936021068230836 129100
1605204592875 0.7935478452415718 129200
1605204598892 0.7936495139875038 129300
1605204604752 0.7939442340800456 129400
1605204610674 0.793982955270129 129500
1605204616642 0.7936021585808419 129600
1605204622711 0.7934170677808325 129700
1605204628586 0.7933077865540795 129800
1605204634174 0.7931656412445263 129900
1605204640070 0.7930968651307602 130000
1605204645913 0.7928263885493017 130100
1605204651927 0.7926495324740783 130200
1605204657850 0.7924189984264093 130300
1605204663826 0.7927082800908996 130400
1605204669838 0.7925241538197327 130500
1605204675877 0.7927961824528049 130600
1605204681703 0.7932154757199186 130700
1605204687644 0.7936312277222489 130800
1605204693735 0.7936672158959722 130900
1605204699796 0.7940315959607811 131000
1605204705459 0.7941850309273275 131100
1605204711242 0.7935794904042126 131200
1605204717043 0.7937112283890213 131300
1605204722937 0.7933643991836441 131400
1605204728711 0.7934343957493731 131500
1605204734450 0.7936808949904648 131600
1605204740380 0.7937926373748828 131700
1605204746456 0.7938355476330561 131800
1605204752355 0.7937599019035473 131900
1605204799569 0.8068331995512302 132000
1605204805428 0.7941208880088071 132100
1605204811297 0.79659576642143 132200
1605204817320 0.7967979822825286 132300
1605204823229 0.7972047945816068 132400
1605204828993 0.7952421407246053 132500
1605204834813 0.795827662713989 132600
1605204840595 0.7954429874304232 132700
1605204846510 0.7986128981417847 132800
1605204851680 0.8019742198964973 132900
1605204856807 0.8012764098318292 133000
1605204862573 0.8003638876040252 133100
1605204868378 0.7996563759529098 133200
1605204874298 0.8001176086628382 133300
1605204879890 0.7998204110862944 133400
1605204885792 0.800712824786521 133500
1605204891667 0.8000232193898936 133600
1605204897632 0.7989224265484053 133700
1605204903607 0.7995880408980812 133800
1605204909702 0.7992577193053824 133900
1605204915731 0.7995517854996231 134000
1605204921802 0.7980572620684194 134100
1605204927591 0.7981739849143159 134200
1605204933482 0.7979194632921915 134300
1605204939201 0.7982784324908517 134400
1605204945035 0.798869992626662 134500
1605204950953 0.7999290012562013 134600
1605204956793 0.7994121350220885 134700
1605204962552 0.7991777328324323 134800
1605204968350 0.7993821653306425 134900
1605204973980 0.7992875241946444 135000
1605204979621 0.800035140862207 135100
1605204985370 0.7997951995801843 135200
1605204991393 0.7996204110142391 135300
1605204997328 0.7996365655928301 135400
1605205003082 0.7994275756331197 135500
1605205008904 0.7986849173601053 135600
1605205014735 0.7983964555274664 135700
1605205020511 0.7977666796726941 135800
1605205026365 0.7977035982294319 135900
1605205032239 0.7974343884897597 136000
1605205038114 0.7974137956391609 136100
1605205044127 0.797305448411377 136200
1605205050147 0.7974101265891425 136300
1605205056238 0.7974731745911574 136400
1605205062269 0.797912549548575 136500
1605205068216 0.7970256681096758 136600
1605205074183 0.7971512010528721 136700
1605205080238 0.7974703871462906 136800
1605205086209 0.7975394243956726 136900
1605205092022 0.7974366615668733 137000
1605205097770 0.7976108058141376 137100
1605205103599 0.7972646535754173 137200
1605205109371 0.7971852849790219 137300
1605205115019 0.7970989099860781 137400
1605205120463 0.7971954600700962 137500
1605205126294 0.7969947972621656 137600
1605205132108 0.7973081780076757 137700
1605205137971 0.7976724103376784 137800
1605205143962 0.7978761468341992 137900
1605205149665 0.7984617677458983 138000
1605205154927 0.7984344672993477 138100
1605205160244 0.7985792277970785 138200
1605205165848 0.7982743888565823 138300
1605205171770 0.7981373692014937 138400
1605205177851 0.7980494585088108 138500
1605205183329 0.7978735915523811 138600
1605205189266 0.7975195515147467 138700
1605205195225 0.7972510785584277 138800
1605205201316 0.7970840295514978 138900
1605205207256 0.797362358684575 139000
1605205213063 0.7974569111060366 139100
1605205218351 0.7977021608885888 139200
1605205264809 0.6895337995337995 139300
1605205270472 0.7983664873463633 139400
1605205276114 0.7929169098901223 139500
1605205281765 0.7931918154387849 139600
1605205287255 0.7869598107325595 139700
1605205292984 0.7890097237575933 139800
1605205299040 0.7929416893217451 139900
1605205305281 0.795722954063421 140000
1605205311133 0.7937311086381632 140100
1605205316923 0.794553942535274 140200
1605205322743 0.7959335701835946 140300
1605205328569 0.7965951221399445 140400
1605205334394 0.7957480147785759 140500
1605205340146 0.7952345027986656 140600
1605205346097 0.7950330988755306 140700
1605205351832 0.7943524560596267 140800
1605205357569 0.7941598650938705 140900
1605205363184 0.7938031265310659 141000
1605205369033 0.7940352693433916 141100
1605205374931 0.79516315866487 141200
1605205380600 0.7950820820841569 141300
1605205386523 0.7947548287955819 141400
1605205391911 0.7947209581773802 141500
1605205397323 0.7956642617203776 141600
1605205402452 0.7959221870231898 141700
1605205407654 0.7947922826290833 141800
1605205412952 0.7948468280467874 141900
1605205418284 0.7945655722869984 142000
1605205423857 0.7947635320181631 142100
1605205429732 0.7932171716344509 142200
1605205435655 0.7936136673103185 142300
1605205441576 0.7934676531115191 142400
1605205447536 0.7936280519356269 142500
1605205453541 0.7934755553832614 142600
1605205459307 0.7934650171055079 142700
1605205465150 0.7942325562465458 142800
1605205470897 0.7946561064121727 142900
1605205476461 0.7951452964460561 143000
1605205482048 0.7954009609871721 143100
1605205487783 0.7957735347037154 143200
1605205493595 0.7959276627661175 143300
1605205499494 0.7966838865226235 143400
1605205505402 0.7971926363972933 143500
1605205511140 0.7971828625758601 143600
1605205516996 0.7972454733687891 143700
1605205522946 0.7966561541544701 143800
1605205528900 0.7963756484064182 143900
1605205534800 0.7967603196168478 144000
1605205540707 0.7965468848037759 144100
1605205546586 0.7967026231038095 144200
1605205552577 0.7965542994699171 144300
1605205557758 0.7966039736214361 144400
1605205563632 0.7960422463677013 144500
1605205569735 0.7957141921807482 144600
1605205575709 0.7958715063528208 144700
1605205581863 0.7961260257294002 144800
1605205587877 0.7963275477943386 144900
1605205593896 0.7965164543603018 145000
1605205599764 0.7964714990296278 145100
1605205605356 0.7968397053493165 145200
1605205610966 0.7973103005293365 145300
1605205616646 0.7969751215364194 145400
1605205622244 0.7969795289395788 145500
1605205627785 0.7967749351291863 145600
1605205633167 0.7970341691288054 145700
1605205638614 0.7970892991269034 145800
1605205644056 0.7974023223702612 145900
1605205649730 0.7974500468895703 146000
1605205655202 0.7976509959889585 146100
1605205660986 0.7979216599171008 146200
1605205666779 0.7979400746314966 146300
1605205672439 0.7981481556843706 146400
1605205678170 0.7981376046518246 146500
1605205684064 0.7982626229778449 146600
