1605196373712 -0.2422674596309662 0
1605196379437 -0.2857859134674072 100
1605196384933 -0.2824733257293701 200
1605196390496 -0.2853306233882904 300
1605196395952 -0.2801000773906708 400
1605196401465 -0.28244131803512573 500
1605196407093 -0.29502901434898376 600
1605196412784 -0.24284988641738892 700
1605196418805 -0.28214994072914124 800
1605196424487 -0.2804597020149231 900
1605196430201 -0.26464226841926575 1000
1605196436066 -0.287052720785141 1100
1605196441968 -0.2777629792690277 1200
1605196447865 -0.23847825825214386 1300
1605196453728 -0.2877890169620514 1400
1605196459471 -0.2690503001213074 1500
1605196465424 -0.25195634365081787 1600
1605196471388 -0.2948536276817322 1700
1605196477128 -0.22440963983535767 1800
1605196483003 -0.25030234456062317 1900
1605196488957 -0.2519092857837677 2000
1605196494899 -0.2214171141386032 2100
1605196500842 -0.2005660980939865 2200
1605196506796 -0.2432105988264084 2300
1605196512508 -0.29670044779777527 2400
1605196518400 -0.2584776282310486 2500
1605196524223 -0.2273731678724289 2600
1605196529741 -0.22128498554229736 2700
1605196535524 -0.27357757091522217 2800
1605196541393 -0.23825359344482422 2900
1605196547092 -0.28755703568458557 3000
1605196552900 -0.2373003363609314 3100
1605196558610 -0.21979714930057526 3200
1605196564422 -0.2823827564716339 3300
1605196570151 -0.2650074064731598 3400
1605196575757 -0.25088372826576233 3500
1605196581399 -0.22821417450904846 3600
1605196587179 -0.28330719470977783 3700
1605196592937 -0.21092264354228973 3800
1605196598767 -0.19575504958629608 3900
1605196604478 -0.19430814683437347 4000
1605196610339 -0.26303476095199585 4100
1605196616175 -0.27965378761291504 4200
1605196622100 -0.20387892425060272 4300
1605196627807 -0.22208935022354126 4400
1605196633698 -0.2571001648902893 4500
1605196639600 -0.247848242521286 4600
1605196645564 -0.2670013904571533 4700
1605196651541 -0.23106388747692108 4800
1605196657588 -0.2406277060508728 4900
1605196663749 -0.21441854536533356 5000
1605196669747 -0.233178973197937 5100
1605196675513 -0.25784069299697876 5200
1605196681791 -0.22396108508110046 5300
1605196687647 -0.27289721369743347 5400
1605196693615 -0.21258480846881866 5500
1605196699663 -0.19975973665714264 5600
1605196705705 -0.16602475941181183 5700
1605196711830 -0.24982358515262604 5800
1605196717835 -0.27676838636398315 5900
1605196723570 -0.25484007596969604 6000
1605196729288 -0.28554898500442505 6100
1605196734979 -0.2100341022014618 6200
1605196740708 -0.2328842282295227 6300
1605196746530 -0.2503810524940491 6400
1605196752632 -0.23964467644691467 6500
1605196758464 -0.15498796105384827 6600
1605196764221 -0.23938894271850586 6700
1605196769940 -0.2187635600566864 6800
1605196775803 -0.16444949805736542 6900
1605196781655 -0.26030614972114563 7000
1605196787398 -0.23475641012191772 7100
1605196793073 -0.22688402235507965 7200
1605196799010 -0.2452344298362732 7300
1605196844922 -0.23784925043582916 7400
1605196850734 -0.24747967720031738 7500
1605196856422 -0.23851072788238525 7600
1605196862128 -0.2381075918674469 7700
1605196867734 -0.2748814821243286 7800
1605196873423 -0.1702103465795517 7900
1605196879286 -0.20780876278877258 8000
1605196884911 -0.20860150456428528 8100
1605196890664 -0.2626098096370697 8200
1605196896374 -0.2946888506412506 8300
1605196902225 -0.23406431078910828 8400
1605196907827 -0.24622073769569397 8500
1605196913443 -0.19305256009101868 8600
1605196918889 -0.22685863077640533 8700
1605196924761 -0.1849738508462906 8800
1605196930644 -0.23101314902305603 8900
1605196936520 -0.23034997284412384 9000
1605196942051 -0.22008712589740753 9100
1605196948001 -0.1977481245994568 9200
1605196953981 -0.244606614112854 9300
1605196959804 -0.2828732430934906 9400
1605196965559 -0.23603768646717072 9500
1605196971447 -0.2524677515029907 9600
1605196977242 -0.18212972581386566 9700
1605196983064 -0.26502153277397156 9800
1605196988856 -0.21658292412757874 9900
1605196994705 -0.29596418142318726 10000
1605197000586 -0.21838738024234772 10100
1605197006375 -0.1474776715040207 10200
1605197012007 -0.23563385009765625 10300
1605197017682 -0.1958499699831009 10400
1605197023210 -0.2755148410797119 10500
1605197028799 -0.17461229860782623 10600
1605197034366 -0.25138750672340393 10700
1605197040147 -0.22968141734600067 10800
1605197045997 -0.2130812555551529 10900
1605197051583 -0.1498139351606369 11000
1605197057214 -0.24935919046401978 11100
1605197063063 -0.27418845891952515 11200
1605197068899 -0.24466738104820251 11300
1605197074678 -0.26101669669151306 11400
1605197080500 -0.18554700911045074 11500
1605197086285 -0.18991431593894958 11600
1605197092155 -0.23233036696910858 11700
1605197097986 -0.21319904923439026 11800
1605197103867 -0.23314504325389862 11900
1605197109611 -0.20465821027755737 12000
1605197115330 -0.24887099862098694 12100
1605197121081 -0.2191932499408722 12200
1605197126924 -0.2521732747554779 12300
1605197132794 -0.2667016088962555 12400
1605197138457 -0.2622154653072357 12500
1605197144028 -0.20963342487812042 12600
1605197149745 -0.17310628294944763 12700
1605197155465 -0.24077607691287994 12800
1605197160741 -0.19447705149650574 12900
1605197166521 -0.22011467814445496 13000
1605197172378 -0.20445305109024048 13100
1605197178292 -0.1805115044116974 13200
1605197184103 -0.19275155663490295 13300
1605197189809 -0.17683054506778717 13400
1605197195482 -0.19118337333202362 13500
1605197201252 -0.2140614241361618 13600
1605197207098 -0.22991637885570526 13700
1605197212697 -0.220871701836586 13800
1605197218430 -0.272058367729187 13900
1605197224046 -0.23207318782806396 14000
1605197229952 -0.20926520228385925 14100
1605197235653 -0.22994408011436462 14200
1605197241687 -0.22166034579277039 14300
1605197247703 -0.2702125906944275 14400
1605197253226 -0.18393568694591522 14500
1605197258369 -0.24667587876319885 14600
1605197304045 -0.19737234711647034 14700
1605197309175 -0.17205291986465454 14800
1605197314674 -0.25681790709495544 14900
1605197320158 -0.20646025240421295 15000
1605197325554 -0.24370786547660828 15100
1605197331207 -0.25103333592414856 15200
1605197336965 -0.2409018576145172 15300
1605197342606 -0.22636105120182037 15400
1605197348417 -0.25313445925712585 15500
1605197354300 -0.2680494487285614 15600
1605197360165 -0.16201850771903992 15700
1605197366081 -0.2085467278957367 15800
1605197372126 -0.21909821033477783 15900
1605197378094 -0.275664746761322 16000
1605197384068 -0.1884842962026596 16100
1605197390070 -0.2482883483171463 16200
1605197396135 -0.14262738823890686 16300
1605197402095 -0.24910223484039307 16400
1605197408056 -0.1714785248041153 16500
1605197414084 -0.18816712498664856 16600
1605197420191 -0.15951037406921387 16700
1605197426508 -0.2048875391483307 16800
1605197433134 -0.31361493468284607 16900
1605197439093 -0.17316876351833344 17000
1605197444991 -0.20504897832870483 17100
1605197450540 -0.16626600921154022 17200
1605197456281 -0.14450547099113464 17300
1605197462165 -0.21925660967826843 17400
1605197467812 -0.13084107637405396 17500
1605197473549 -0.22422951459884644 17600
1605197479094 -0.24674129486083984 17700
1605197484776 -0.17552919685840607 17800
1605197490559 -0.24693864583969116 17900
1605197496304 -0.14948229491710663 18000
1605197501898 -0.22587493062019348 18100
1605197507780 -0.17033933103084564 18200
1605197513878 -0.22811584174633026 18300
1605197520017 -0.17715266346931458 18400
1605197526104 -0.18912473320960999 18500
1605197532212 -0.21555092930793762 18600
1605197538188 -0.19441822171211243 18700
1605197544099 -0.230049729347229 18800
1605197549753 -0.13350260257720947 18900
1605197555624 -0.21820557117462158 19000
1605197561622 -0.19956834614276886 19100
1605197567545 -0.26426801085472107 19200
1605197573576 -0.22491373121738434 19300
1605197579602 -0.23280420899391174 19400
1605197585613 -0.1911274790763855 19500
1605197591436 -0.2279757708311081 19600
1605197597061 -0.1942053884267807 19700
1605197602174 -0.11847740411758423 19800
1605197607582 -0.08747651427984238 19900
1605197613014 -0.17669980227947235 20000
1605197618378 -0.19891288876533508 20100
1605197624204 -0.23006433248519897 20200
1605197630101 -0.16941414773464203 20300
1605197636530 -0.14691221714019775 20400
1605197642756 -0.2066303789615631 20500
1605197648813 -0.15796516835689545 20600
1605197654737 -0.2677072286605835 20700
1605197660321 -0.21742528676986694 20800
1605197665939 -0.1683942824602127 20900
1605197671609 -0.2197679877281189 21000
1605197677607 -0.18391159176826477 21100
1605197683410 -0.19585862755775452 21200
1605197688879 -0.25146445631980896 21300
1605197694583 -0.21316371858119965 21400
1605197700429 -0.15874505043029785 21500
1605197706241 -0.2332364320755005 21600
1605197712187 -0.27390056848526 21700
1605197717648 -0.22648169100284576 21800
1605197723478 -0.2455366998910904 21900
1605197769124 -0.16335292160511017 22000
1605197774892 -0.23884256184101105 22100
1605197780643 -0.23151877522468567 22200
1605197786560 -0.22105786204338074 22300
1605197792856 -0.2200855314731598 22400
1605197798787 -0.20598284900188446 22500
1605197804786 -0.169804647564888 22600
1605197810809 -0.20313265919685364 22700
1605197816771 -0.15317383408546448 22800
1605197822734 -0.26994019746780396 22900
1605197828645 -0.15168586373329163 23000
1605197834606 -0.20137938857078552 23100
1605197840583 -0.15656958520412445 23200
1605197846417 -0.21733912825584412 23300
1605197852487 -0.20245634019374847 23400
1605197858489 -0.14025790989398956 23500
1605197864152 -0.22774727642536163 23600
1605197869881 -0.2140931785106659 23700
1605197875697 -0.1042458713054657 23800
1605197881419 -0.15730071067810059 23900
1605197887305 -0.1756313294172287 24000
1605197893011 -0.13459506630897522 24100
1605197898909 -0.22625216841697693 24200
1605197904593 -0.22358156740665436 24300
1605197910488 -0.19009791314601898 24400
1605197916463 -0.2151823788881302 24500
1605197922439 -0.1944963037967682 24600
1605197928397 -0.12428206205368042 24700
1605197934419 -0.181847482919693 24800
1605197940098 -0.23613587021827698 24900
1605197945817 -0.07422621548175812 25000
1605197951378 -0.22508686780929565 25100
1605197957133 -0.2771175801753998 25200
1605197962966 -0.18927954137325287 25300
1605197968631 -0.25322580337524414 25400
1605197974246 -0.2404116690158844 25500
1605197980066 -0.18629834055900574 25600
1605197985902 -0.2126498967409134 25700
1605197991871 -0.21125636994838715 25800
1605197997778 -0.21699942648410797 25900
1605198003724 -0.1570318043231964 26000
1605198009659 -0.2432359904050827 26100
1605198015535 -0.16563186049461365 26200
1605198021405 -0.1733531355857849 26300
1605198027318 -0.20548869669437408 26400
1605198033175 -0.17228692770004272 26500
1605198038728 -0.1546219140291214 26600
1605198044276 -0.1296452283859253 26700
1605198050212 -0.19245645403862 26800
1605198056232 -0.15438146889209747 26900
1605198062273 -0.16301557421684265 27000
1605198068283 -0.20382316410541534 27100
1605198074318 -0.20619846880435944 27200
1605198080434 -0.2096288651227951 27300
1605198086259 -0.19558624923229218 27400
1605198092403 -0.16575463116168976 27500
1605198098530 -0.16482287645339966 27600
1605198104726 -0.2147313952445984 27700
1605198110841 -0.18301720917224884 27800
1605198116856 -0.1258837878704071 27900
1605198122887 -0.13871654868125916 28000
1605198128820 -0.19060830771923065 28100
1605198134461 -0.2830677032470703 28200
1605198140389 -0.14818686246871948 28300
1605198146114 -0.17099657654762268 28400
1605198151809 -0.1649324893951416 28500
1605198157583 -0.18393374979496002 28600
1605198163375 -0.22753514349460602 28700
1605198169254 -0.15436933934688568 28800
1605198175272 -0.20960396528244019 28900
1605198181135 -0.22793011367321014 29000
1605198187171 -0.17088864743709564 29100
1605198193223 -0.24457915127277374 29200
1605198199354 -0.20933598279953003 29300
1605198249534 -0.13633719086647034 29400
1605198255936 -0.14400024712085724 29500
1605198262080 -0.25118836760520935 29600
1605198268436 -0.1330738067626953 29700
1605198274544 -0.1891195923089981 29800
1605198280420 -0.2232641875743866 29900
1605198286082 -0.13542263209819794 30000
1605198291839 -0.13285167515277863 30100
1605198297671 -0.11959084868431091 30200
1605198303642 -0.1728261262178421 30300
1605198309512 -0.1883705109357834 30400
1605198315321 -0.17179618775844574 30500
1605198321184 -0.2099652737379074 30600
1605198326854 -0.16167572140693665 30700
1605198332415 -0.18484947085380554 30800
1605198338390 -0.23287300765514374 30900
1605198344308 -0.11232097446918488 31000
1605198350107 -0.12104276567697525 31100
1605198355941 -0.18499499559402466 31200
1605198361336 -0.1349402517080307 31300
1605198367529 -0.08775527030229568 31400
1605198373675 -0.26701027154922485 31500
1605198379476 -0.2151329219341278 31600
1605198384825 -0.24292220175266266 31700
1605198390690 -0.112214595079422 31800
1605198396424 -0.2153550386428833 31900
1605198402270 -0.1289099156856537 32000
1605198407992 -0.18479838967323303 32100
1605198413456 -0.19180507957935333 32200
1605198418517 -0.16316697001457214 32300
1605198424013 -0.19749349355697632 32400
1605198429390 -0.19330720603466034 32500
1605198435551 -0.21813547611236572 32600
1605198441388 -0.17499670386314392 32700
1605198447246 -0.21081195771694183 32800
1605198453215 -0.1761009246110916 32900
1605198459112 -0.08474190533161163 33000
1605198465116 -0.18218402564525604 33100
1605198471066 -0.08215045183897018 33200
1605198476965 -0.16745571792125702 33300
1605198482799 -0.18715164065361023 33400
1605198488826 -0.12003211677074432 33500
1605198494965 -0.22006502747535706 33600
1605198501052 -0.17401371896266937 33700
1605198507047 -0.10136205703020096 33800
1605198512935 -0.18222619593143463 33900
1605198518757 -0.2007727026939392 34000
1605198524527 -0.1322430521249771 34100
1605198529856 -0.21621283888816833 34200
1605198535029 -0.10484334081411362 34300
1605198540591 -0.276030957698822 34400
1605198546505 -0.178005188703537 34500
1605198552417 -0.14362329244613647 34600
1605198558354 -0.09834887087345123 34700
1605198564166 -0.1773691028356552 34800
1605198570130 -0.1621686965227127 34900
1605198575738 -0.07074210047721863 35000
1605198581537 -0.07128378748893738 35100
1605198587475 -0.23416846990585327 35200
1605198593211 -0.13356360793113708 35300
1605198598960 -0.12735871970653534 35400
1605198604719 -0.245568186044693 35500
1605198610665 -0.15676294267177582 35600
1605198616554 -0.12596304714679718 35700
1605198622257 -0.19538046419620514 35800
1605198627740 -0.16675858199596405 35900
1605198633679 -0.23774535953998566 36000
1605198639481 -0.17980651557445526 36100
1605198645359 -0.20529060065746307 36200
1605198651191 -0.2582477033138275 36300
1605198657077 -0.09916327893733978 36400
1605198662969 -0.1542869508266449 36500
1605198668629 -0.17771367728710175 36600
1605198713639 -0.17871983349323273 36700
1605198718830 -0.19495552778244019 36800
1605198723728 -0.19631733000278473 36900
1605198729608 -0.17216674983501434 37000
1605198735369 -0.1540311574935913 37100
1605198741410 -0.1979876458644867 37200
1605198747432 -0.16185466945171356 37300
1605198753155 -0.24345949292182922 37400
1605198758909 -0.14616626501083374 37500
1605198764566 -0.10149438679218292 37600
1605198770130 -0.21375994384288788 37700
1605198775865 -0.14195318520069122 37800
1605198781438 -0.11301491409540176 37900
1605198786750 -0.2143174707889557 38000
1605198792744 -0.10323555767536163 38100
1605198798908 -0.184740349650383 38200
1605198804902 -0.1683787703514099 38300
1605198810671 -0.22171080112457275 38400
1605198816653 -0.1066628023982048 38500
1605198822233 -0.09713374823331833 38600
1605198828032 -0.25069645047187805 38700
1605198833675 -0.2179691195487976 38800
1605198839272 -0.2122129499912262 38900
1605198844738 -0.2020682394504547 39000
1605198850515 -0.07459530979394913 39100
1605198856607 -0.16114559769630432 39200
1605198862686 -0.18915149569511414 39300
1605198868577 -0.12757566571235657 39400
1605198874390 -0.13838200271129608 39500
1605198880254 -0.14592941105365753 39600
1605198886074 -0.1316394805908203 39700
1605198891911 -0.1582709103822708 39800
1605198897685 -0.08011720329523087 39900
1605198903166 -0.15557438135147095 40000
1605198908776 -0.12205273658037186 40100
1605198914296 -0.18241038918495178 40200
1605198919891 -0.1491299271583557 40300
1605198925670 -0.2051672637462616 40400
1605198931617 -0.1749824583530426 40500
1605198937431 -0.13991443812847137 40600
1605198943304 -0.17971591651439667 40700
1605198949086 -0.12639759480953217 40800
1605198955176 -0.07620855420827866 40900
1605198961396 -0.15741068124771118 41000
1605198967139 -0.17099319398403168 41100
1605198973163 -0.14467208087444305 41200
1605198979315 -0.15578706562519073 41300
1605198985283 -0.13935093581676483 41400
1605198991172 -0.07312193512916565 41500
1605198996929 -0.23006828129291534 41600
1605199002619 -0.1672605574131012 41700
1605199008205 -0.12767942249774933 41800
1605199013897 -0.1864347904920578 41900
1605199019526 -0.12226737290620804 42000
1605199025326 -0.17554408311843872 42100
1605199031171 -0.1888820230960846 42200
1605199037068 -0.1470615267753601 42300
1605199042893 -0.1232365220785141 42400
1605199048612 -0.25737470388412476 42500
1605199053694 -0.035124845802783966 42600
1605199059178 -0.10359273850917816 42700
1605199064741 -0.14849445223808289 42800
1605199070467 -0.16515536606311798 42900
1605199076277 -0.2258005440235138 43000
1605199082223 -0.1724064201116562 43100
1605199088117 -0.16882798075675964 43200
1605199093921 -0.2013251930475235 43300
1605199099746 -0.14020924270153046 43400
1605199105682 -0.09259011596441269 43500
1605199111496 -0.2914402484893799 43600
1605199117156 -0.1247062161564827 43700
1605199123199 -0.1264144629240036 43800
1605199128928 -0.10060515999794006 43900
1605199174321 -0.1556989550590515 44000
1605199180059 -0.1477518528699875 44100
1605199185678 -0.19553986191749573 44200
1605199191418 -0.20596423745155334 44300
1605199197288 -0.13651737570762634 44400
1605199203208 -0.15030109882354736 44500
1605199209168 -0.13075250387191772 44600
1605199214986 -0.10799117386341095 44700
1605199220967 -0.1920473724603653 44800
1605199226794 -0.1075277104973793 44900
1605199232638 -0.14685732126235962 45000
1605199238682 -0.08517935872077942 45100
1605199244486 -0.10581696778535843 45200
1605199250239 -0.08546771854162216 45300
1605199256205 -0.24983108043670654 45400
1605199261803 -0.10358389467000961 45500
1605199267736 -0.17766769230365753 45600
1605199273548 -0.17292936146259308 45700
1605199279436 -0.2379114031791687 45800
1605199285300 -0.1862691193819046 45900
1605199290876 -0.12035313993692398 46000
1605199296496 -0.08980696648359299 46100
1605199302309 -0.2570701241493225 46200
1605199307803 -0.20235010981559753 46300
1605199313690 -0.23300418257713318 46400
1605199319529 -0.24747192859649658 46500
1605199325376 -0.12040100991725922 46600
1605199331306 -0.15423928201198578 46700
1605199337201 -0.15041732788085938 46800
1605199343098 -0.08218730986118317 46900
1605199349051 -0.1634799987077713 47000
1605199354762 -0.06185493990778923 47100
1605199360547 -0.17089813947677612 47200
1605199366565 -0.21271957457065582 47300
1605199372459 -0.13067515194416046 47400
1605199378451 -0.12734395265579224 47500
1605199384372 -0.16763998568058014 47600
1605199390378 -0.20182953774929047 47700
1605199396291 -0.11947104334831238 47800
1605199402103 -0.08387043327093124 47900
1605199407764 -0.1334216296672821 48000
1605199413660 -0.10714933276176453 48100
1605199419555 -0.16751793026924133 48200
1605199425339 -0.17956681549549103 48300
1605199431333 -0.1727396845817566 48400
1605199437214 -0.11290806531906128 48500
1605199443135 -0.14767026901245117 48600
1605199449012 -0.12786349654197693 48700
1605199454485 -0.10330386459827423 48800
1605199460258 -0.1458735167980194 48900
1605199466311 -0.12490151822566986 49000
1605199472283 -0.1330336332321167 49100
1605199478204 -0.12198623269796371 49200
1605199484275 -0.11816936731338501 49300
1605199490375 -0.14403346180915833 49400
1605199496474 -0.20311270654201508 49500
1605199502330 -0.17474383115768433 49600
1605199508356 -0.30119460821151733 49700
1605199514482 -0.13038226962089539 49800
1605199520511 -0.134951651096344 49900
1605199526434 -0.20027205348014832 50000
1605199532370 -0.22729994356632233 50100
1605199538216 -0.19279557466506958 50200
1605199543688 -0.16650289297103882 50300
1605199549485 -0.1876252144575119 50400
1605199555313 -0.17271366715431213 50500
1605199560922 -0.16675718128681183 50600
1605199566281 -0.21259258687496185 50700
1605199571484 -0.18139474093914032 50800
1605199576987 -0.18238507211208344 50900
1605199582417 -0.14794522523880005 51000
1605199587734 -0.11899001896381378 51100
1605199593186 -0.18176685273647308 51200
1605199598518 -0.17031842470169067 51300
1605199644956 -0.1222233921289444 51400
1605199650904 -0.10851970314979553 51500
1605199656732 -0.1440688669681549 51600
1605199662488 -0.15965315699577332 51700
1605199668142 -0.10803867876529694 51800
1605199674004 -0.1489369124174118 51900
1605199679913 -0.11980011314153671 52000
1605199685771 -0.11967714130878448 52100
1605199691644 -0.11852821707725525 52200
1605199697369 -0.17846737802028656 52300
1605199703327 -0.10094937682151794 52400
1605199709610 -0.1078757643699646 52500
1605199715474 -0.21801380813121796 52600
1605199720874 -0.15983620285987854 52700
1605199726359 -0.12741099298000336 52800
1605199732263 -0.10295551270246506 52900
1605199737946 -0.19563494622707367 53000
1605199743549 -0.15590493381023407 53100
1605199749479 -0.15579506754875183 53200
1605199755342 -0.0746789202094078 53300
1605199761274 -0.10547936707735062 53400
1605199767019 -0.16011320054531097 53500
1605199772367 -0.13791362941265106 53600
1605199778340 -0.11181764304637909 53700
1605199784612 -0.09376727044582367 53800
1605199790240 -0.11723510921001434 53900
1605199795798 -0.1633734554052353 54000
1605199801190 -0.19165000319480896 54100
1605199807008 -0.16429589688777924 54200
1605199812756 -0.11161884665489197 54300
1605199818514 -0.23669998347759247 54400
1605199824350 -0.16932232677936554 54500
1605199830119 -0.1499979943037033 54600
1605199835956 -0.12988249957561493 54700
1605199841736 -0.0955241397023201 54800
1605199847563 -0.11592712253332138 54900
1605199853118 -0.1629100739955902 55000
1605199858635 -0.07865232229232788 55100
1605199864154 -0.08580400049686432 55200
1605199870159 -0.06023100018501282 55300
1605199876075 -0.171066015958786 55400
1605199882037 -0.22100475430488586 55500
1605199887699 -0.22808757424354553 55600
1605199893614 -0.07641749083995819 55700
1605199899505 -0.13714222609996796 55800
1605199905137 -0.09911618381738663 55900
1605199910797 -0.15719425678253174 56000
1605199916654 -0.15326827764511108 56100
1605199922428 -0.116358682513237 56200
1605199928262 -0.06995953619480133 56300
1605199933967 -0.17245513200759888 56400
1605199939724 -0.210126131772995 56500
1605199945579 -0.22339341044425964 56600
1605199951439 -0.21102936565876007 56700
1605199957310 -0.16621074080467224 56800
1605199963073 -0.08029592037200928 56900
1605199968820 -0.29040002822875977 57000
1605199974554 -0.07762309908866882 57100
1605199980526 -0.14354446530342102 57200
1605199986189 -0.12503290176391602 57300
1605199991999 -0.09923729300498962 57400
1605199997854 -0.19077032804489136 57500
1605200003281 -0.20507313311100006 57600
1605200009009 -0.14837756752967834 57700
1605200014979 -0.16161589324474335 57800
1605200020927 -0.13933402299880981 57900
1605200026878 -0.19574180245399475 58000
1605200032692 -0.19059553742408752 58100
1605200038766 -0.13439834117889404 58200
1605200044790 -0.20874793827533722 58300
1605200050607 -0.170659139752388 58400
1605200056289 -0.24751760065555573 58500
1605200062050 -0.09692519158124924 58600
1605200107436 -0.14274242520332336 58700
1605200113376 -0.08980461210012436 58800
1605200119205 -0.14234380424022675 58900
1605200125105 -0.20965398848056793 59000
1605200130788 -0.1525626927614212 59100
1605200136709 -0.09278830885887146 59200
1605200142594 -0.13014379143714905 59300
1605200148525 -0.19673116505146027 59400
1605200154588 -0.09064427018165588 59500
1605200160383 -0.11594750732183456 59600
1605200166375 -0.22781485319137573 59700
1605200172312 -0.13869979977607727 59800
1605200178032 -0.03916678577661514 59900
1605200183694 -0.14271096885204315 60000
1605200189706 -0.08033238351345062 60100
1605200195548 -0.11846829205751419 60200
1605200200905 -0.15106914937496185 60300
1605200206528 -0.2112244963645935 60400
1605200212485 -0.1258404552936554 60500
1605200218530 -0.10903962701559067 60600
1605200224460 -0.20221443474292755 60700
1605200230108 -0.06260233372449875 60800
1605200236045 -0.21186093986034393 60900
1605200241971 -0.17796450853347778 61000
1605200247930 -0.22000186145305634 61100
1605200253886 -0.11964383721351624 61200
1605200259958 -0.09088184684515 61300
1605200265910 -0.13949239253997803 61400
1605200271846 -0.20786742866039276 61500
1605200277636 -0.11909439414739609 61600
1605200283659 -0.20376063883304596 61700
1605200289836 -0.1833566278219223 61800
1605200295743 -0.1504669487476349 61900
1605200301694 -0.18301896750926971 62000
1605200307446 -0.1101171150803566 62100
1605200313039 -0.1396646499633789 62200
1605200318832 -0.11609090119600296 62300
1605200324546 -0.11098704487085342 62400
1605200330276 -0.0510660745203495 62500
1605200336048 -0.1273212879896164 62600
1605200341643 -0.11369135230779648 62700
1605200347436 -0.09814489632844925 62800
1605200353479 -0.17890195548534393 62900
1605200359497 -0.08766541630029678 63000
1605200365035 -0.137043759226799 63100
1605200371019 -0.13694486021995544 63200
1605200376724 -0.14827199280261993 63300
1605200382638 -0.22622133791446686 63400
1605200388651 -0.16419599950313568 63500
1605200394609 -0.1288752555847168 63600
1605200400663 -0.22610807418823242 63700
1605200406594 -0.17943178117275238 63800
1605200412684 -0.09832892566919327 63900
1605200418816 -0.11533552408218384 64000
1605200424701 -0.07912778854370117 64100
1605200430774 -0.12959244847297668 64200
1605200436655 -0.08450528979301453 64300
1605200442154 -0.09255685657262802 64400
1605200447974 -0.10716859251260757 64500
1605200453865 -0.11960625648498535 64600
1605200459546 -0.10176483541727066 64700
1605200465332 -0.15913483500480652 64800
1605200470959 -0.06488998234272003 64900
1605200476732 -0.14014911651611328 65000
1605200482455 -0.07189960777759552 65100
1605200488059 -0.07653265446424484 65200
1605200493856 -0.2166632115840912 65300
1605200499659 -0.09392306208610535 65400
1605200505481 -0.13248072564601898 65500
1605200511317 -0.1148018017411232 65600
1605200517011 -0.18351247906684875 65700
1605200522621 -0.13645747303962708 65800
1605200528266 -0.23784345388412476 65900
1605200574473 -0.19363325834274292 66000
1605200580289 -0.08276312053203583 66100
1605200586114 -0.20295944809913635 66200
1605200591923 -0.18586677312850952 66300
1605200597646 -0.1841740757226944 66400
1605200603488 -0.11246684938669205 66500
1605200609475 -0.10489222407341003 66600
1605200615397 -0.08930123597383499 66700
1605200621058 -0.11130119115114212 66800
1605200626934 -0.11313401162624359 66900
1605200632810 -0.07229134440422058 67000
1605200638738 -0.18654407560825348 67100
1605200644792 -0.07109711319208145 67200
1605200650840 -0.2949572503566742 67300
1605200656761 -0.11407069116830826 67400
1605200662825 -0.05560898780822754 67500
1605200668610 -0.12131378054618835 67600
1605200674699 -0.08764539659023285 67700
1605200680551 -0.12897267937660217 67800
1605200686379 -0.13088560104370117 67900
1605200692238 -0.09232963621616364 68000
1605200698102 -0.1435389518737793 68100
1605200704052 -0.2676611542701721 68200
1605200709915 -0.11731797456741333 68300
1605200715601 -0.07685671746730804 68400
1605200721614 -0.04432082921266556 68500
1605200727614 -0.07326796650886536 68600
1605200733603 -0.05317195877432823 68700
1605200739517 -0.12169703841209412 68800
1605200745151 -0.05053208768367767 68900
1605200750936 -0.09526215493679047 69000
1605200756527 -0.08786500245332718 69100
1605200762166 -0.08391915261745453 69200
1605200768167 -0.11951543390750885 69300
1605200773921 -0.11745322495698929 69400
1605200779811 -0.1296561360359192 69500
1605200785511 -0.15265332162380219 69600
1605200791333 -0.07540919631719589 69700
1605200797144 -0.1654791533946991 69800
1605200802882 -0.10931215435266495 69900
1605200808564 -0.10809443145990372 70000
1605200814177 -0.15395322442054749 70100
1605200820008 -0.0862780511379242 70200
1605200825918 -0.22445039451122284 70300
1605200831819 -0.1770600527524948 70400
1605200837338 -0.15592102706432343 70500
1605200842754 -0.1513243019580841 70600
1605200848615 -0.1217329353094101 70700
1605200854542 -0.08192287385463715 70800
1605200859868 -0.1317949891090393 70900
1605200865007 -0.15006303787231445 71000
1605200870630 -0.09858565777540207 71100
1605200876652 -0.19874100387096405 71200
1605200882764 -0.11385758221149445 71300
1605200888790 -0.2482159286737442 71400
1605200894841 -0.07839974015951157 71500
1605200900912 -0.06089930981397629 71600
1605200906907 -0.14441971480846405 71700
1605200912901 -0.18845528364181519 71800
1605200918965 -0.1391097903251648 71900
1605200925083 -0.1439727544784546 72000
1605200931094 -0.18930426239967346 72100
1605200936903 -0.16988292336463928 72200
1605200942587 -0.08607438951730728 72300
1605200948148 -0.09484414011240005 72400
1605200953757 -0.18513263761997223 72500
1605200959507 -0.17015191912651062 72600
1605200965428 -0.10122539848089218 72700
1605200971479 -0.11737188696861267 72800
1605200977409 -0.085892453789711 72900
1605200983297 -0.06285297125577927 73000
1605200989323 -0.0770852267742157 73100
1605200995321 -0.16648384928703308 73200
1605201001320 -0.12050411850214005 73300
1605201048448 -0.13516706228256226 73400
1605201054149 -0.06861260533332825 73500
1605201059958 -0.1978800892829895 73600
1605201065888 -0.10882030427455902 73700
1605201071851 -0.11369553953409195 73800
1605201077905 -0.1813851147890091 73900
1605201083889 -0.15518584847450256 74000
1605201089877 -0.1046711727976799 74100
1605201095846 -0.12795808911323547 74200
1605201101677 -0.09269274771213531 74300
1605201107670 -0.13947319984436035 74400
1605201113709 -0.08918765932321548 74500
1605201119721 -0.14431415498256683 74600
1605201125692 -0.1084391251206398 74700
1605201131544 -0.097385935485363 74800
1605201137365 -0.17479437589645386 74900
1605201143301 -0.10400410741567612 75000
1605201149116 -0.19132205843925476 75100
1605201155089 -0.10006428509950638 75200
1605201161066 -0.1413765698671341 75300
1605201166773 -0.12072759866714478 75400
1605201172183 -0.13024930655956268 75500
1605201177767 -0.13158446550369263 75600
1605201183471 -0.19488416612148285 75700
1605201189261 -0.14758379757404327 75800
1605201195011 -0.1524372100830078 75900
1605201200493 -0.12406310439109802 76000
1605201206026 -0.0972319096326828 76100
1605201211960 -0.16946882009506226 76200
1605201217918 -0.07878574728965759 76300
1605201223260 -0.17179271578788757 76400
1605201228370 -0.12445874512195587 76500
1605201233971 -0.106694296002388 76600
1605201240003 -0.2155148684978485 76700
1605201245607 -0.1350688934326172 76800
1605201251639 -0.24493896961212158 76900
1605201257644 -0.07137832045555115 77000
1605201263688 -0.17209582030773163 77100
1605201269593 -0.128743514418602 77200
1605201275512 -0.1403580605983734 77300
1605201281259 -0.09570108354091644 77400
1605201286945 -0.25801190733909607 77500
1605201292683 -0.1913989633321762 77600
1605201298485 -0.10307756811380386 77700
1605201304404 -0.15933071076869965 77800
1605201310191 -0.25225186347961426 77900
1605201316108 -0.11076132953166962 78000
1605201322072 -0.0297075267881155 78100
1605201327793 -0.060355257242918015 78200
1605201333492 -0.10871279239654541 78300
1605201339244 -0.15942886471748352 78400
1605201344979 -0.1415533721446991 78500
1605201350898 -0.1142478734254837 78600
1605201356819 -0.1025022342801094 78700
1605201362606 -0.1807290017604828 78800
1605201368526 -0.07441655546426773 78900
1605201374518 -0.1750888079404831 79000
1605201380404 -0.12020131945610046 79100
1605201386280 -0.13027171790599823 79200
1605201392157 -0.1206810474395752 79300
1605201398112 -0.1197691336274147 79400
1605201404108 -0.12609648704528809 79500
1605201410133 -0.07737581431865692 79600
1605201416029 -0.08699149638414383 79700
1605201421934 -0.20154258608818054 79800
1605201427872 -0.10416058450937271 79900
1605201433961 -0.10828749090433121 80000
1605201439754 -0.08591940999031067 80100
1605201445776 -0.12085191160440445 80200
1605201451647 -0.09065274894237518 80300
1605201457453 -0.09044802933931351 80400
1605201462984 -0.14651840925216675 80500
1605201468554 -0.0904703289270401 80600
1605201513989 -0.16102266311645508 80700
1605201519418 -0.17756007611751556 80800
1605201524658 -0.08876501023769379 80900
1605201530229 -0.10918313264846802 81000
1605201535905 -0.20685426890850067 81100
1605201541508 -0.10558643192052841 81200
1605201547430 -0.07814227044582367 81300
1605201553436 -0.08415340632200241 81400
1605201559552 -0.046686913818120956 81500
1605201565632 -0.09051481634378433 81600
1605201571769 -0.1824718564748764 81700
1605201577735 -0.13715152442455292 81800
1605201583559 -0.13729988038539886 81900
1605201589339 -0.15878814458847046 82000
1605201595312 -0.11499597877264023 82100
1605201601093 -0.15785078704357147 82200
1605201606930 -0.04916522651910782 82300
1605201612733 -0.06666888296604156 82400
1605201618535 -0.11805815994739532 82500
1605201624585 -0.2108183354139328 82600
1605201630358 -0.0513475202023983 82700
1605201635904 -0.18893148005008698 82800
1605201641550 -0.07874182611703873 82900
1605201647118 -0.061134222894907 83000
1605201652920 -0.13546329736709595 83100
1605201658871 -0.17247189581394196 83200
1605201664840 -0.14994582533836365 83300
1605201670782 -0.1467496007680893 83400
1605201676606 -0.13006003201007843 83500
1605201682166 -0.19212505221366882 83600
1605201687700 -0.13206833600997925 83700
1605201693675 -0.0637592226266861 83800
1605201699707 -0.19990189373493195 83900
1605201705765 -0.13504107296466827 84000
1605201711191 -0.06500217318534851 84100
1605201717031 -0.1040734276175499 84200
1605201722758 -0.12575560808181763 84300
1605201728679 -0.06895706802606583 84400
1605201734408 -0.11769450455904007 84500
1605201740371 -0.08975188434123993 84600
1605201746256 -0.15638373792171478 84700
1605201752180 -0.08475319296121597 84800
1605201757840 -0.1645541936159134 84900
1605201763511 -0.16479532420635223 85000
1605201769499 -0.08227837085723877 85100
1605201775511 -0.11786282062530518 85200
1605201781423 -0.17989914119243622 85300
1605201787270 -0.05834958702325821 85400
1605201793114 -0.15543976426124573 85500
1605201798991 -0.10735268890857697 85600
1605201804961 -0.13845297694206238 85700
1605201811062 -0.13323187828063965 85800
1605201817231 -0.06580982357263565 85900
1605201823362 -0.11244501918554306 86000
1605201829381 -0.16114524006843567 86100
1605201835373 -0.038761869072914124 86200
1605201841437 -0.1358039826154709 86300
1605201847396 -0.1232299879193306 86400
1605201853394 -0.07825049757957458 86500
1605201859266 -0.15762238204479218 86600
1605201865197 -0.13005784153938293 86700
1605201871258 -0.1808367520570755 86800
1605201877080 -0.11348438262939453 86900
1605201883031 -0.12371071428060532 87000
1605201889046 -0.21331854164600372 87100
1605201895111 -0.16404494643211365 87200
1605201901095 -0.10401962697505951 87300
1605201907129 -0.2015605866909027 87400
1605201913052 -0.10903060436248779 87500
1605201918800 -0.16858670115470886 87600
1605201924214 -0.18393483757972717 87700
1605201929803 -0.13219599425792694 87800
1605201935363 -0.1853032410144806 87900
1605201981230 -0.02780933864414692 88000
1605201987033 -0.10597487539052963 88100
1605201992921 -0.10843001306056976 88200
1605201998681 -0.12755781412124634 88300
1605202004100 -0.055160749703645706 88400
1605202009847 -0.134048193693161 88500
1605202015975 -0.10795699059963226 88600
1605202021860 -0.14557941257953644 88700
1605202027873 -0.12067050486803055 88800
1605202033920 -0.15709471702575684 88900
1605202039856 -0.12488628923892975 89000
1605202045740 -0.14673441648483276 89100
1605202051642 -0.017554083839058876 89200
1605202057528 -0.1474076360464096 89300
1605202063250 -0.14838393032550812 89400
1605202069423 -0.18551379442214966 89500
1605202075008 -0.17625445127487183 89600
1605202080985 -0.19042564928531647 89700
1605202086874 -0.2243371456861496 89800
1605202092654 -0.13116969168186188 89900
1605202098338 -0.12931160628795624 90000
1605202104245 -0.10188055783510208 90100
1605202110205 -0.16976089775562286 90200
1605202116075 -0.09175731986761093 90300
1605202121871 -0.09095032513141632 90400
1605202127902 -0.06846625357866287 90500
1605202133899 -0.1726098507642746 90600
1605202139895 -0.153862863779068 90700
1605202145842 -0.11502701044082642 90800
1605202151851 -0.11005064845085144 90900
1605202157795 -0.0766080766916275 91000
1605202163483 -0.1491057574748993 91100
1605202168565 -0.046723801642656326 91200
1605202173624 -0.07581226527690887 91300
1605202179349 -0.10055765509605408 91400
1605202184773 -0.15000323951244354 91500
1605202190430 -0.23583798110485077 91600
1605202196255 -0.08645080029964447 91700
1605202202136 -0.21856124699115753 91800
1605202207809 -0.08661771565675735 91900
1605202213573 -0.14646980166435242 92000
1605202218957 -0.1538131982088089 92100
1605202224610 -0.16635993123054504 92200
1605202230148 -0.14058999717235565 92300
1605202236239 -0.12293191999197006 92400
1605202242292 -0.11233004927635193 92500
1605202247762 -0.10695911943912506 92600
1605202253663 -0.07217252254486084 92700
1605202259713 -0.0820678174495697 92800
1605202265573 -0.11307372897863388 92900
1605202271536 -0.07614912837743759 93000
1605202277568 -0.20735567808151245 93100
1605202283473 -0.27584347128868103 93200
1605202289503 -0.1080264002084732 93300
1605202295471 -0.018399249762296677 93400
1605202301519 -0.06433570384979248 93500
1605202307429 -0.05934978649020195 93600
1605202313324 -0.17346280813217163 93700
1605202319288 -0.06629084050655365 93800
1605202325260 -0.05699256807565689 93900
1605202331022 -0.056989651173353195 94000
1605202337071 -0.06271779537200928 94100
1605202343137 -0.16421929001808167 94200
1605202349261 -0.164940744638443 94300
1605202355398 -0.18419204652309418 94400
1605202361293 -0.0867733284831047 94500
1605202367195 -0.12016075849533081 94600
1605202373119 -0.11621619015932083 94700
1605202379055 -0.16730061173439026 94800
1605202385097 -0.1283150166273117 94900
1605202391097 -0.08112243562936783 95000
1605202397123 -0.07788148522377014 95100
1605202403086 -0.1759345382452011 95200
1605202408978 -0.14384624361991882 95300
1605202455002 -0.18427778780460358 95400
1605202460757 -0.12589454650878906 95500
1605202466669 -0.10492747277021408 95600
1605202472586 -0.13028398156166077 95700
1605202478583 -0.13123436272144318 95800
1605202484589 -0.07562656700611115 95900
1605202490247 -0.2044467329978943 96000
1605202495413 -0.10570070892572403 96100
1605202500619 -0.12968306243419647 96200
1605202506184 -0.10887117683887482 96300
1605202511786 -0.10935337841510773 96400
1605202517489 -0.1377185881137848 96500
1605202523257 -0.11989331245422363 96600
1605202529181 -0.09116130322217941 96700
1605202535130 -0.14918749034404755 96800
1605202540829 -0.0838567242026329 96900
1605202546700 -0.11264900118112564 97000
1605202552610 -0.012486121617257595 97100
1605202558238 -0.08605228364467621 97200
1605202564085 -0.059242088347673416 97300
1605202569888 -0.06698167324066162 97400
1605202575829 -0.18693429231643677 97500
1605202581789 -0.14861993491649628 97600
1605202587769 -0.12477231025695801 97700
1605202593608 -0.03810662031173706 97800
1605202599370 -0.07052573561668396 97900
1605202604905 -0.07038858532905579 98000
1605202610805 -0.12140663713216782 98100
1605202616760 -0.10613402724266052 98200
1605202622764 -0.12636098265647888 98300
1605202628733 -0.11471967399120331 98400
1605202634444 -0.14727477729320526 98500
1605202639933 -0.13069795072078705 98600
1605202645152 -0.18800589442253113 98700
1605202650949 -0.02058657445013523 98800
1605202656713 -0.16698434948921204 98900
1605202662487 -0.10307157784700394 99000
1605202668343 -0.0762871652841568 99100
1605202674266 -0.03994319587945938 99200
1605202680312 -0.0932287946343422 99300
1605202686330 -0.09898477047681808 99400
1605202691806 -0.11273249983787537 99500
1605202697383 -0.15929555892944336 99600
1605202702848 -0.08659868687391281 99700
1605202708786 -0.1406298726797104 99800
1605202714824 -0.06270068883895874 99900
1605202720951 -0.11557804048061371 100000
1605202727099 -0.1450604796409607 100100
1605202733226 -0.13832369446754456 100200
1605202739156 -0.07885413616895676 100300
1605202744962 -0.05626791715621948 100400
1605202750629 -0.14627714455127716 100500
1605202756454 -0.10784567147493362 100600
1605202762434 -0.03167593106627464 100700
1605202768558 -0.14063531160354614 100800
1605202774357 -0.08475632965564728 100900
1605202780218 -0.08687993884086609 101000
1605202786020 -0.0804663673043251 101100
1605202791861 -0.22598297894001007 101200
1605202797526 -0.15347503125667572 101300
1605202803454 -0.1404760777950287 101400
1605202809476 -0.07409545034170151 101500
1605202815659 -0.06547139585018158 101600
1605202821647 -0.09258760511875153 101700
1605202827649 -0.09724877774715424 101800
1605202833647 -0.06424368172883987 101900
1605202839642 -0.1565222591161728 102000
1605202845407 -0.07692094147205353 102100
1605202851376 -0.10650993138551712 102200
1605202857454 -0.09048090875148773 102300
1605202863504 -0.14074288308620453 102400
1605202869464 -0.05646989494562149 102500
1605202875382 -0.04562918096780777 102600
1605202922072 -0.114948570728302 102700
1605202928073 -0.04236341267824173 102800
1605202934060 -0.21490785479545593 102900
1605202939935 -0.19262728095054626 103000
1605202945898 -0.0686960220336914 103100
1605202951944 -0.12526248395442963 103200
1605202957969 -0.1303987056016922 103300
1605202963849 -0.15593740344047546 103400
1605202969716 -0.16431443393230438 103500
1605202975543 -0.22469355165958405 103600
1605202981156 -0.07917740195989609 103700
1605202986978 -0.06712989509105682 103800
1605202992693 -0.06389067322015762 103900
1605202998557 -0.1703123301267624 104000
1605203004549 -0.09671911597251892 104100
1605203010228 -0.13285338878631592 104200
1605203016079 -0.06631237268447876 104300
1605203021966 -0.2046726793050766 104400
1605203027984 -0.0945684090256691 104500
1605203034020 -0.19638191163539886 104600
1605203039764 -0.10932203382253647 104700
1605203045806 -0.09588759392499924 104800
1605203051891 -0.047387707978487015 104900
1605203057910 -0.16616404056549072 105000
1605203063967 -0.0987076386809349 105100
1605203070076 -0.17234379053115845 105200
1605203076059 -0.14645856618881226 105300
1605203082103 -0.0715717226266861 105400
1605203087935 -0.07538662850856781 105500
1605203093819 -0.046704404056072235 105600
1605203099630 -0.09898339211940765 105700
1605203105324 -0.17421279847621918 105800
1605203111388 -0.09171997755765915 105900
1605203117338 -0.0985713079571724 106000
1605203123266 -0.06873753666877747 106100
1605203129085 -0.19900847971439362 106200
1605203134884 -0.14894288778305054 106300
1605203140665 -0.10066742449998856 106400
1605203145702 -0.13887841999530792 106500
1605203151466 -0.02408519573509693 106600
1605203157316 -0.06965571641921997 106700
1605203163166 -0.0593285895884037 106800
1605203168967 -0.05503601208329201 106900
1605203174886 -0.12843340635299683 107000
1605203180733 -0.09994646161794662 107100
1605203186534 -0.09279521554708481 107200
1605203192639 -0.0800415500998497 107300
1605203198714 -0.0393490195274353 107400
1605203204711 -0.07800169289112091 107500
1605203210713 -0.10682714730501175 107600
1605203216766 -0.0753658264875412 107700
1605203222916 -0.17835919559001923 107800
1605203228739 -0.09181740134954453 107900
1605203234389 -0.01603737846016884 108000
1605203240314 -0.08919062465429306 108100
1605203246308 -0.09646687656641006 108200
1605203252411 -0.13403362035751343 108300
1605203258562 -0.10018495470285416 108400
1605203264599 -0.15239758789539337 108500
1605203270478 -0.14376112818717957 108600
1605203276422 -0.13914959132671356 108700
1605203282245 -0.12984563410282135 108800
1605203288204 -0.13538973033428192 108900
1605203294116 -0.13694524765014648 109000
1605203300037 -0.12780290842056274 109100
1605203305950 -0.1346859633922577 109200
1605203311864 -0.21038669347763062 109300
1605203317555 -0.049521688371896744 109400
1605203323306 -0.07656478136777878 109500
1605203329059 -0.059247247874736786 109600
1605203335051 -0.15054301917552948 109700
1605203341155 -0.07423963397741318 109800
1605203347147 -0.18278135359287262 109900
1605203393205 -0.09750079363584518 110000
1605203399036 -0.14191704988479614 110100
1605203404759 -0.1149386465549469 110200
1605203410542 -0.11212773621082306 110300
1605203416307 -0.18331868946552277 110400
1605203422040 -0.19494332373142242 110500
1605203427643 -0.13096188008785248 110600
1605203433531 -0.0728137269616127 110700
1605203439466 -0.12195522338151932 110800
1605203445379 -0.1428164839744568 110900
1605203451336 -0.05023825541138649 111000
1605203457283 -0.1113288477063179 111100
1605203463374 -0.07291427254676819 111200
1605203469516 -0.07666639238595963 111300
1605203475273 -0.061001501977443695 111400
1605203481268 -0.19634220004081726 111500
1605203487004 -0.111595019698143 111600
1605203492908 -0.10849816352128983 111700
1605203498919 -0.04533884674310684 111800
1605203504600 -0.16567161679267883 111900
1605203510335 -0.1408969610929489 112000
1605203516056 -0.08111818134784698 112100
1605203521704 -0.093011774122715 112200
1605203527532 -0.1331220269203186 112300
1605203533281 -0.16251671314239502 112400
1605203539074 -0.11279626935720444 112500
1605203545011 -0.04323508217930794 112600
1605203550728 -0.07542923837900162 112700
1605203556525 -0.11562842130661011 112800
1605203562331 -0.1339121162891388 112900
1605203567968 -0.09899303317070007 113000
1605203573524 -0.072347491979599 113100
1605203579334 -0.17685621976852417 113200
1605203584980 -0.006711057387292385 113300
1605203590682 -0.12763164937496185 113400
1605203596492 -0.23741479218006134 113500
1605203602395 -0.15594840049743652 113600
1605203608181 -0.18864020705223083 113700
1605203613862 -0.07869670540094376 113800
1605203619676 -0.19464938342571259 113900
1605203625794 -0.06628270447254181 114000
1605203631718 -0.05193290486931801 114100
1605203637627 -0.09755385667085648 114200
1605203643338 -0.1302824765443802 114300
1605203649181 -0.12542815506458282 114400
1605203654974 -0.1982642114162445 114500
1605203660700 -0.07745048403739929 114600
1605203666321 -0.21299703419208527 114700
1605203672039 -0.08356978744268417 114800
1605203677897 -0.10872258991003036 114900
1605203683619 -0.07505851238965988 115000
1605203689533 -0.02731209620833397 115100
1605203695167 -0.12724387645721436 115200
1605203700626 -0.20333591103553772 115300
1605203706628 -0.08910761773586273 115400
1605203712322 -0.11597109586000443 115500
1605203717946 -0.1839735358953476 115600
1605203723688 -0.13873779773712158 115700
1605203729625 -0.07828305661678314 115800
1605203735546 -0.13446348905563354 115900
1605203741450 -0.12818515300750732 116000
1605203747114 -0.08258547633886337 116100
1605203753018 -0.07255689054727554 116200
1605203759027 -0.07155405730009079 116300
1605203764783 -0.15385693311691284 116400
1605203770600 -0.1424030363559723 116500
1605203775911 -0.14049522578716278 116600
1605203781069 -0.2607331871986389 116700
1605203786542 -0.11540572345256805 116800
1605203791964 -0.07912438362836838 116900
1605203797619 -0.010354144498705864 117000
1605203803536 -0.11335498839616776 117100
1605203809354 -0.12642914056777954 117200
1605203854853 -0.12912778556346893 117300
1605203860526 -0.07094492763280869 117400
1605203865845 -0.24387091398239136 117500
1605203871602 -0.14098428189754486 117600
1605203877537 -0.10411392152309418 117700
1605203883223 -0.10940054804086685 117800
1605203888967 -0.17160220444202423 117900
1605203894691 -0.05439377948641777 118000
1605203900466 -0.21480438113212585 118100
1605203906171 -0.1380157172679901 118200
1605203911858 -0.1023024395108223 118300
1605203917155 -0.14820151031017303 118400
1605203922904 -0.018087217584252357 118500
1605203928674 -0.05695755407214165 118600
1605203934318 -0.06927134096622467 118700
1605203939968 -0.19835242629051208 118800
1605203945862 -0.1697365939617157 118900
1605203951757 -0.12109348922967911 119000
1605203957650 -0.11734110116958618 119100
1605203962966 -0.08860545605421066 119200
1605203968706 -0.06979885697364807 119300
1605203974609 -0.08542145788669586 119400
1605203980350 -0.10541968792676926 119500
1605203986103 -0.19248566031455994 119600
1605203991845 -0.12493064254522324 119700
1605203997781 -0.11316153407096863 119800
1605204003602 -0.14484147727489471 119900
1605204008862 -0.09099199622869492 120000
1605204014839 -0.11895640194416046 120100
1605204020739 -0.06485790014266968 120200
1605204026418 -0.15595324337482452 120300
1605204032477 -0.09853611886501312 120400
1605204038604 -0.08251466602087021 120500
1605204044675 -0.047555748373270035 120600
1605204050707 -0.11043300479650497 120700
1605204056512 -0.12880532443523407 120800
1605204062378 -0.1074175015091896 120900
1605204068270 -0.08606456965208054 121000
1605204074179 -0.13523119688034058 121100
1605204080123 -0.06145143881440163 121200
1605204085918 -0.14047227799892426 121300
1605204091691 -0.09231830388307571 121400
1605204097183 -0.13969402015209198 121500
1605204102897 -0.046024784445762634 121600
1605204108124 -0.17441152036190033 121700
1605204114149 -0.17731626331806183 121800
1605204120050 -0.14068128168582916 121900
1605204125680 -0.03035915642976761 122000
1605204131371 -0.11829675734043121 122100
1605204137129 -0.14046171307563782 122200
1605204142874 -0.1545078158378601 122300
1605204148667 -0.11860063672065735 122400
1605204154469 -0.07774895429611206 122500
1605204160269 -0.1868392825126648 122600
1605204166151 -0.05830635875463486 122700
1605204172163 -0.10820314288139343 122800
1605204178126 -0.18202319741249084 122900
1605204184003 -0.12197691947221756 123000
1605204189879 -0.10608073323965073 123100
1605204195662 -0.15760855376720428 123200
1605204201408 -0.12719403207302094 123300
1605204207072 -0.12028394639492035 123400
1605204212945 -0.15650171041488647 123500
1605204218875 -0.0999576672911644 123600
1605204224840 -0.06884168088436127 123700
1605204230887 -0.08645205944776535 123800
1605204236782 -0.091463603079319 123900
1605204242845 -0.056674934923648834 124000
1605204248819 -0.06369854509830475 124100
1605204254529 -0.14632770419120789 124200
1605204260620 -0.07317604869604111 124300
1605204266703 -0.1675339639186859 124400
1605204272765 -0.10817332565784454 124500
1605204278679 -0.061309684067964554 124600
1605204324333 -0.09628122299909592 124700
1605204330079 -0.1102350503206253 124800
1605204335965 -0.13376466929912567 124900
1605204342013 -0.07758859544992447 125000
1605204347779 -0.13510394096374512 125100
1605204353700 -0.18641144037246704 125200
1605204359731 -0.12964670360088348 125300
1605204365656 -0.16387668251991272 125400
1605204371514 -0.04345587641000748 125500
1605204377524 -0.061842937022447586 125600
1605204383604 -0.05117861181497574 125700
1605204389638 -0.13729748129844666 125800
1605204395632 -0.09446900337934494 125900
1605204401636 -0.07854395359754562 126000
1605204407781 -0.08925894647836685 126100
1605204413843 -0.11769558489322662 126200
1605204419758 -0.1376056671142578 126300
1605204425771 -0.0715213194489479 126400
1605204431725 -0.11019093543291092 126500
1605204437869 -0.15267661213874817 126600
1605204443706 -0.10053983330726624 126700
1605204449617 -0.08541882783174515 126800
1605204455550 -0.22189873456954956 126900
1605204461565 -0.1208009347319603 127000
1605204467410 -0.08208712935447693 127100
1605204473242 -0.08472219854593277 127200
1605204479236 -0.12430163472890854 127300
1605204485295 -0.13143716752529144 127400
1605204491149 -0.11575983464717865 127500
1605204497217 -0.05931185185909271 127600
1605204503393 -0.043304286897182465 127700
1605204509388 -0.06382327526807785 127800
1605204515405 -0.06476962566375732 127900
1605204521529 -0.06705339252948761 128000
1605204527574 -0.1007704958319664 128100
1605204533572 -0.18130482733249664 128200
1605204539414 -0.17420630156993866 128300
1605204545366 -0.0897759273648262 128400
1605204551250 -0.07599141448736191 128500
1605204556986 -0.07121427357196808 128600
1605204563090 -0.18147817254066467 128700
1605204569254 -0.16447800397872925 128800
1605204575128 -0.11349828541278839 128900
1605204581009 -0.04357653111219406 129000
1605204586766 -0.08590403944253922 129100
1605204592875 -0.1184624657034874 129200
1605204598892 -0.14861026406288147 129300
1605204604752 -0.011030588299036026 129400
1605204610674 -0.12469915300607681 129500
1605204616642 -0.13327211141586304 129600
1605204622711 -0.18877767026424408 129700
1605204628586 -0.16661152243614197 129800
1605204634174 -0.14175808429718018 129900
1605204640070 -0.09433216601610184 130000
1605204645913 -0.04263351857662201 130100
1605204651927 -0.14792031049728394 130200
1605204657850 -0.1414986103773117 130300
1605204663826 -0.07920974493026733 130400
1605204669838 -0.11832047253847122 130500
1605204675877 -0.050609514117240906 130600
1605204681703 -0.14853569865226746 130700
1605204687644 -0.14002981781959534 130800
1605204693735 -0.08120589703321457 130900
1605204699796 -0.11960769444704056 131000
1605204705459 -0.11359944194555283 131100
1605204711242 -0.06751342862844467 131200
1605204717043 -0.1624436229467392 131300
1605204722937 -0.11495572328567505 131400
1605204728711 -0.14135724306106567 131500
1605204734450 -0.14663521945476532 131600
1605204740380 -0.09553960710763931 131700
1605204746456 -0.10036733001470566 131800
1605204752355 -0.06635377556085587 131900
1605204799569 -0.10947345197200775 132000
1605204805428 -0.08367414772510529 132100
1605204811297 -0.04922172799706459 132200
1605204817320 -0.1814775913953781 132300
1605204823229 -0.15971235930919647 132400
1605204828993 -0.1682477742433548 132500
1605204834813 -0.03860096633434296 132600
1605204840595 -0.13299939036369324 132700
1605204846510 -0.0731831043958664 132800
1605204851680 -0.0714733824133873 132900
1605204856807 -0.0829034373164177 133000
1605204862573 -0.08466117084026337 133100
1605204868378 -0.11445014178752899 133200
1605204874298 -0.0968179851770401 133300
1605204879890 -0.06434506177902222 133400
1605204885792 -0.08291725069284439 133500
1605204891667 -0.12106281518936157 133600
1605204897632 -0.07866709679365158 133700
1605204903607 -0.07341950386762619 133800
1605204909702 -0.17842353880405426 133900
1605204915731 -0.15721914172172546 134000
1605204921802 -0.15484759211540222 134100
1605204927591 -0.1172356978058815 134200
1605204933482 -0.103752002120018 134300
1605204939201 -0.07201889157295227 134400
1605204945035 -0.153212770819664 134500
1605204950953 -0.04422799497842789 134600
1605204956793 -0.14371046423912048 134700
1605204962552 -0.07425685971975327 134800
1605204968350 -0.1351647675037384 134900
1605204973980 -0.07777884602546692 135000
1605204979621 -0.022578027099370956 135100
1605204985370 -0.09211760014295578 135200
1605204991393 -0.0843287855386734 135300
1605204997328 -0.12462122738361359 135400
1605205003082 -0.18315020203590393 135500
1605205008904 -0.12923581898212433 135600
1605205014735 -0.1899051070213318 135700
1605205020511 -0.15054583549499512 135800
1605205026365 -0.0877094492316246 135900
1605205032239 -0.07921993732452393 136000
1605205038114 -0.12869903445243835 136100
1605205044127 -0.0872587263584137 136200
1605205050147 -0.06809918582439423 136300
1605205056238 -0.19597592949867249 136400
1605205062269 -0.06626440584659576 136500
1605205068216 -0.11091568320989609 136600
1605205074183 -0.07876533269882202 136700
1605205080238 -0.11855040490627289 136800
1605205086209 -0.050942160189151764 136900
1605205092022 -0.12634670734405518 137000
1605205097770 -0.14822101593017578 137100
1605205103599 -0.07762573659420013 137200
1605205109371 -0.182117760181427 137300
1605205115019 -0.11149093508720398 137400
1605205120463 -0.10198210179805756 137500
1605205126294 -0.11851733922958374 137600
1605205132108 -0.02531556226313114 137700
1605205137971 -0.10258667916059494 137800
1605205143962 -0.1498699188232422 137900
1605205149665 -0.12938015162944794 138000
1605205154927 -0.07427617907524109 138100
1605205160244 -0.09091468900442123 138200
1605205165848 -0.08250749111175537 138300
1605205171770 -0.10087048262357712 138400
1605205177851 -0.13799546658992767 138500
1605205183329 -0.15386302769184113 138600
1605205189266 -0.20651882886886597 138700
1605205195225 -0.03585745021700859 138800
1605205201316 -0.06101326644420624 138900
1605205207256 -0.04997768625617027 139000
1605205213063 -0.1340106576681137 139100
1605205218351 -0.14142096042633057 139200
1605205264809 -0.10437231510877609 139300
1605205270472 -0.08266013115644455 139400
1605205276114 -0.17786690592765808 139500
1605205281765 -0.08287283778190613 139600
1605205287255 -0.12121931463479996 139700
1605205292984 -0.04366301745176315 139800
1605205299040 -0.07239644229412079 139900
1605205305281 -0.029630359262228012 140000
1605205311133 -0.07231041043996811 140100
1605205316923 -0.19266967475414276 140200
1605205322743 -0.06524625420570374 140300
1605205328569 -0.14377909898757935 140400
1605205334394 -0.12057305872440338 140500
1605205340146 -0.108339823782444 140600
1605205346097 -0.04994625970721245 140700
1605205351832 -0.2805778682231903 140800
1605205357569 -0.04939070716500282 140900
1605205363184 -0.08673017472028732 141000
1605205369033 -0.1477329134941101 141100
1605205374931 -0.07602207362651825 141200
1605205380600 -0.09239708632230759 141300
1605205386523 -0.15500012040138245 141400
1605205391911 -0.1029520258307457 141500
1605205397323 -0.03703627735376358 141600
1605205402452 -0.16865035891532898 141700
1605205407654 -0.1720455139875412 141800
1605205412952 -0.08690474927425385 141900
1605205418284 -0.04150969907641411 142000
1605205423857 -0.18621040880680084 142100
1605205429732 -0.08674957603216171 142200
1605205435655 -0.0832536518573761 142300
1605205441576 -0.21209083497524261 142400
1605205447536 -0.07443757355213165 142500
1605205453541 -0.1155356615781784 142600
1605205459307 -0.1147853210568428 142700
1605205465150 -0.14358650147914886 142800
1605205470897 -0.10361191630363464 142900
1605205476461 -0.053460344672203064 143000
1605205482048 -0.14542746543884277 143100
1605205487783 -0.07249739021062851 143200
1605205493595 -0.11026957631111145 143300
1605205499494 -0.08496531844139099 143400
1605205505402 -0.0722484365105629 143500
1605205511140 -0.026417823508381844 143600
1605205516996 -0.11849917471408844 143700
1605205522946 -0.09776289761066437 143800
1605205528900 -0.09716477245092392 143900
1605205534800 -0.04995108023285866 144000
1605205540707 -0.13547663390636444 144100
1605205546586 -0.11273518949747086 144200
1605205552577 -0.05371537059545517 144300
1605205557758 -0.09082840383052826 144400
1605205563632 -0.16690436005592346 144500
1605205569735 -0.13182276487350464 144600
1605205575709 -0.0776083916425705 144700
1605205581863 -0.09043203294277191 144800
1605205587877 -0.14100748300552368 144900
1605205593896 -0.09747472405433655 145000
1605205599764 -0.12771347165107727 145100
1605205605356 -0.06578942388296127 145200
1605205610966 -0.0980607122182846 145300
1605205616646 -0.13845527172088623 145400
1605205622244 -0.10731098055839539 145500
1605205627785 -0.07611600309610367 145600
1605205633167 -0.04960308223962784 145700
1605205638614 -0.07084860652685165 145800
1605205644056 -0.12250204384326935 145900
1605205649730 -0.0751444399356842 146000
1605205655202 -0.09407976269721985 146100
1605205660986 -0.07181006669998169 146200
1605205666779 -0.10419534146785736 146300
1605205672439 -0.13129417598247528 146400
1605205678170 -0.05407515540719032 146500
1605205684064 -0.09811044484376907 146600
