1605196373712 0.0 0
1605196379437 0.0 100
1605196384933 0.0 200
1605196390496 0.0 300
1605196395952 0.0 400
1605196401465 0.0 500
1605196407093 0.0 600
1605196412784 0.0 700
1605196418805 0.0 800
1605196424487 0.0 900
1605196430201 0.0 1000
1605196436066 0.0 1100
1605196441968 0.0 1200
1605196447865 0.0 1300
1605196453728 0.0 1400
1605196459471 0.0 1500
1605196465424 0.0 1600
1605196471388 0.0 1700
1605196477128 0.0 1800
1605196483003 0.0 1900
1605196488957 0.0 2000
1605196494899 0.0 2100
1605196500842 0.0 2200
1605196506796 0.0 2300
1605196512508 0.0 2400
1605196518400 0.0 2500
1605196524223 0.0 2600
1605196529741 0.0 2700
1605196535524 0.0 2800
1605196541393 0.0 2900
1605196547092 0.0 3000
1605196552900 0.0 3100
1605196558610 0.0 3200
1605196564422 0.0 3300
1605196570151 0.0 3400
1605196575757 0.0 3500
1605196581399 0.0 3600
1605196587179 0.0 3700
1605196592937 0.0 3800
1605196598767 0.0 3900
1605196604478 0.0 4000
1605196610339 0.0 4100
1605196616175 0.0 4200
1605196622100 0.0 4300
1605196627807 0.0 4400
1605196633698 0.0 4500
1605196639600 0.0 4600
1605196645564 0.0 4700
1605196651541 0.0 4800
1605196657588 0.0 4900
1605196663749 0.0 5000
1605196669747 0.0 5100
1605196675513 0.0 5200
1605196681791 0.0 5300
1605196687647 0.0 5400
1605196693615 0.0 5500
1605196699663 0.0 5600
1605196705705 0.0 5700
1605196711830 0.0 5800
1605196717835 0.0 5900
1605196723570 0.0 6000
1605196729288 0.0 6100
1605196734979 0.0 6200
1605196740708 0.0 6300
1605196746530 0.0 6400
1605196752632 0.0 6500
1605196758464 0.0 6600
1605196764221 0.0 6700
1605196769940 0.0 6800
1605196775803 0.0 6900
1605196781655 0.0 7000
1605196787398 0.0 7100
1605196793073 0.0 7200
1605196799010 0.0 7300
1605196844922 0.0 7400
1605196850734 0.0 7500
1605196856422 0.0 7600
1605196862128 0.0 7700
1605196867734 0.0 7800
1605196873423 0.0 7900
1605196879286 0.0 8000
1605196884911 0.0 8100
1605196890664 0.0 8200
1605196896374 0.0 8300
1605196902225 0.0 8400
1605196907827 0.0 8500
1605196913443 0.0 8600
1605196918889 0.0 8700
1605196924761 0.0 8800
1605196930644 0.0 8900
1605196936520 0.0 9000
1605196942051 0.0 9100
1605196948001 0.0 9200
1605196953981 0.0 9300
1605196959804 0.0 9400
1605196965559 0.0 9500
1605196971447 0.0 9600
1605196977242 0.0 9700
1605196983064 0.0 9800
1605196988856 0.0 9900
1605196994705 0.0 10000
1605197000586 0.0 10100
1605197006375 0.0 10200
1605197012007 0.0 10300
1605197017682 0.0 10400
1605197023210 0.0 10500
1605197028799 0.0 10600
1605197034366 0.0 10700
1605197040147 0.0 10800
1605197045997 0.0 10900
1605197051583 0.0 11000
1605197057214 0.0 11100
1605197063063 0.0 11200
1605197068899 0.0 11300
1605197074678 0.0 11400
1605197080500 0.0 11500
1605197086285 0.0 11600
1605197092155 0.0 11700
1605197097986 0.0 11800
1605197103867 0.0 11900
1605197109611 0.0 12000
1605197115330 0.0 12100
1605197121081 0.0 12200
1605197126924 0.0 12300
1605197132794 0.0 12400
1605197138457 0.0 12500
1605197144028 0.0 12600
1605197149745 0.0 12700
1605197155465 0.0 12800
1605197160741 0.0 12900
1605197166521 0.0 13000
1605197172378 0.0 13100
1605197178292 0.0 13200
1605197184103 0.0 13300
1605197189809 0.0 13400
1605197195482 0.0 13500
1605197201252 0.0 13600
1605197207098 0.0 13700
1605197212697 0.0 13800
1605197218430 0.0 13900
1605197224046 0.0 14000
1605197229952 0.0 14100
1605197235653 0.0 14200
1605197241687 0.0 14300
1605197247703 0.0 14400
1605197253226 0.0 14500
1605197258369 0.0 14600
1605197304045 0.0 14700
1605197309175 0.0 14800
1605197314674 0.0 14900
1605197320158 0.0 15000
1605197325554 0.0 15100
1605197331207 0.0 15200
1605197336965 0.0 15300
1605197342606 0.0 15400
1605197348417 0.0 15500
1605197354300 0.0 15600
1605197360165 0.0 15700
1605197366081 0.0 15800
1605197372126 0.0 15900
1605197378094 0.0 16000
1605197384068 0.0 16100
1605197390070 0.0 16200
1605197396135 0.0 16300
1605197402095 0.0 16400
1605197408056 0.0 16500
1605197414084 0.0 16600
1605197420191 0.0 16700
1605197426508 0.0 16800
1605197433134 0.0 16900
1605197439093 0.0 17000
1605197444991 0.0 17100
1605197450540 0.0 17200
1605197456281 0.0 17300
1605197462165 0.0 17400
1605197467812 0.0 17500
1605197473549 0.0 17600
1605197479094 0.0 17700
1605197484776 0.0 17800
1605197490559 0.0 17900
1605197496304 0.0 18000
1605197501898 0.0 18100
1605197507780 0.0 18200
1605197513878 0.0 18300
1605197520017 0.0 18400
1605197526104 0.0 18500
1605197532212 0.0 18600
1605197538188 0.0 18700
1605197544099 0.0 18800
1605197549753 0.0 18900
1605197555624 0.0 19000
1605197561622 0.0 19100
1605197567545 0.0 19200
1605197573576 0.0 19300
1605197579602 0.0 19400
1605197585613 0.0 19500
1605197591436 0.0 19600
1605197597061 0.0 19700
1605197602174 0.0 19800
1605197607582 0.0 19900
1605197613014 0.0 20000
1605197618378 0.0 20100
1605197624204 0.0 20200
1605197630101 0.0 20300
1605197636530 0.0 20400
1605197642756 0.0 20500
1605197648813 0.0 20600
1605197654737 0.0 20700
1605197660321 0.0 20800
1605197665939 0.0 20900
1605197671609 0.0 21000
1605197677607 0.0 21100
1605197683410 0.0 21200
1605197688879 0.0 21300
1605197694583 0.0 21400
1605197700429 0.0 21500
1605197706241 0.0 21600
1605197712187 0.0 21700
1605197717648 0.0 21800
1605197723478 0.0 21900
1605197769124 0.0 22000
1605197774892 0.0 22100
1605197780643 0.0 22200
1605197786560 0.0 22300
1605197792856 0.0 22400
1605197798787 0.0 22500
1605197804786 0.0 22600
1605197810809 0.0 22700
1605197816771 0.0 22800
1605197822734 0.0 22900
1605197828645 0.0 23000
1605197834606 0.0 23100
1605197840583 0.0 23200
1605197846417 0.0 23300
1605197852487 0.0 23400
1605197858489 0.0 23500
1605197864152 0.0 23600
1605197869881 0.0 23700
1605197875697 0.0 23800
1605197881419 0.0 23900
1605197887305 0.0 24000
1605197893011 0.0 24100
1605197898909 0.0 24200
1605197904593 0.0 24300
1605197910488 0.0 24400
1605197916463 0.0 24500
1605197922439 0.0 24600
1605197928397 0.0 24700
1605197934419 0.0 24800
1605197940098 0.0 24900
1605197945817 0.0 25000
1605197951378 0.0 25100
1605197957133 0.0 25200
1605197962966 0.0 25300
1605197968631 0.0 25400
1605197974246 0.0 25500
1605197980066 0.0 25600
1605197985902 0.0 25700
1605197991871 0.0 25800
1605197997778 0.0 25900
1605198003724 0.0 26000
1605198009659 0.0 26100
1605198015535 0.0 26200
1605198021405 0.0 26300
1605198027318 0.0 26400
1605198033175 0.0 26500
1605198038728 0.0 26600
1605198044276 0.0 26700
1605198050212 0.0 26800
1605198056232 0.0 26900
1605198062273 0.0 27000
1605198068283 0.0 27100
1605198074318 0.0 27200
1605198080434 0.0 27300
1605198086259 0.0 27400
1605198092403 0.0 27500
1605198098530 0.0 27600
1605198104726 0.0 27700
1605198110841 0.0 27800
1605198116856 0.0 27900
1605198122887 0.0 28000
1605198128820 0.0 28100
1605198134461 0.0 28200
1605198140389 0.0 28300
1605198146114 0.0 28400
1605198151809 0.0 28500
1605198157583 0.0 28600
1605198163375 0.0 28700
1605198169254 0.0 28800
1605198175272 0.0 28900
1605198181135 0.0 29000
1605198187171 0.0 29100
1605198193223 0.0 29200
1605198199354 0.0 29300
1605198249534 0.0 29400
1605198255936 0.0 29500
1605198262080 0.0 29600
1605198268436 0.0 29700
1605198274544 0.0 29800
1605198280420 0.0 29900
1605198286082 0.0 30000
1605198291839 0.0 30100
1605198297671 0.0 30200
1605198303642 0.0 30300
1605198309512 0.0 30400
1605198315321 0.0 30500
1605198321184 0.0 30600
1605198326854 0.0 30700
1605198332415 0.0 30800
1605198338390 0.0 30900
1605198344308 0.0 31000
1605198350107 0.0 31100
1605198355941 0.0 31200
1605198361336 0.0 31300
1605198367529 0.0 31400
1605198373675 0.0 31500
1605198379476 0.0 31600
1605198384825 0.0 31700
1605198390690 0.0 31800
1605198396424 0.0 31900
1605198402270 0.0 32000
1605198407992 0.0 32100
1605198413456 0.0 32200
1605198418517 0.0 32300
1605198424013 0.0 32400
1605198429390 0.0 32500
1605198435551 0.0 32600
1605198441388 0.0 32700
1605198447246 0.0 32800
1605198453215 0.0 32900
1605198459112 0.0 33000
1605198465116 0.0 33100
1605198471066 0.0 33200
1605198476965 0.0 33300
1605198482799 0.0 33400
1605198488826 0.0 33500
1605198494965 0.0 33600
1605198501052 0.0 33700
1605198507047 0.0 33800
1605198512935 0.0 33900
1605198518757 0.0 34000
1605198524527 0.0 34100
1605198529856 0.0 34200
1605198535029 0.0 34300
1605198540591 0.0 34400
1605198546505 0.0 34500
1605198552417 0.0 34600
1605198558354 0.0 34700
1605198564166 0.0 34800
1605198570130 0.0 34900
1605198575738 0.0 35000
1605198581537 0.0 35100
1605198587475 0.0 35200
1605198593211 0.0 35300
1605198598960 0.0 35400
1605198604719 0.0 35500
1605198610665 0.0 35600
1605198616554 0.0 35700
1605198622257 0.0 35800
1605198627740 0.0 35900
1605198633679 0.0 36000
1605198639481 0.0 36100
1605198645359 0.0 36200
1605198651191 0.0 36300
1605198657077 0.0 36400
1605198662969 0.0 36500
1605198668629 0.0 36600
1605198713639 0.0 36700
1605198718830 0.0 36800
1605198723728 0.0 36900
1605198729608 0.0 37000
1605198735369 0.0 37100
1605198741410 0.0 37200
1605198747432 0.0 37300
1605198753155 0.0 37400
1605198758909 0.0 37500
1605198764566 0.0 37600
1605198770130 0.0 37700
1605198775865 0.0 37800
1605198781438 0.0 37900
1605198786750 0.0 38000
1605198792744 0.0 38100
1605198798908 0.0 38200
1605198804902 0.0 38300
1605198810671 0.0 38400
1605198816653 0.0 38500
1605198822233 0.0 38600
1605198828032 0.0 38700
1605198833675 0.0 38800
1605198839272 0.0 38900
1605198844738 0.0 39000
1605198850515 0.0 39100
1605198856607 0.0 39200
1605198862686 0.0 39300
1605198868577 0.0 39400
1605198874390 0.0 39500
1605198880254 0.0 39600
1605198886074 0.0 39700
1605198891911 0.0 39800
1605198897685 0.0 39900
1605198903166 0.0 40000
1605198908776 0.0 40100
1605198914296 0.0 40200
1605198919891 0.0 40300
1605198925670 0.0 40400
1605198931617 0.0 40500
1605198937431 0.0 40600
1605198943304 0.0 40700
1605198949086 0.0 40800
1605198955176 0.0 40900
1605198961396 0.0 41000
1605198967139 0.0 41100
1605198973163 0.0 41200
1605198979315 0.0 41300
1605198985283 0.0 41400
1605198991172 0.0 41500
1605198996929 0.0 41600
1605199002619 0.0 41700
1605199008205 0.0 41800
1605199013897 0.0 41900
1605199019526 0.0 42000
1605199025326 0.0 42100
1605199031171 0.0 42200
1605199037068 0.0 42300
1605199042893 0.0 42400
1605199048612 0.0 42500
1605199053694 0.0 42600
1605199059178 0.0 42700
1605199064741 0.0 42800
1605199070467 0.0 42900
1605199076277 0.0 43000
1605199082223 0.0 43100
1605199088117 0.0 43200
1605199093921 0.0 43300
1605199099746 0.0 43400
1605199105682 0.0 43500
1605199111496 0.0 43600
1605199117156 0.0 43700
1605199123199 0.0 43800
1605199128928 0.0 43900
1605199174321 0.0 44000
1605199180059 0.0 44100
1605199185678 0.0 44200
1605199191418 0.0 44300
1605199197288 0.0 44400
1605199203208 0.0 44500
1605199209168 0.0 44600
1605199214986 0.0 44700
1605199220967 0.0 44800
1605199226794 0.0 44900
1605199232638 0.0 45000
1605199238682 0.0 45100
1605199244486 0.0 45200
1605199250239 0.0 45300
1605199256205 0.0 45400
1605199261803 0.0 45500
1605199267736 0.0 45600
1605199273548 0.0 45700
1605199279436 0.0 45800
1605199285300 0.0 45900
1605199290876 0.0 46000
1605199296496 0.0 46100
1605199302309 0.0 46200
1605199307803 0.0 46300
1605199313690 0.0 46400
1605199319529 0.0 46500
1605199325376 0.0 46600
1605199331306 0.0 46700
1605199337201 0.0 46800
1605199343098 0.0 46900
1605199349051 0.0 47000
1605199354762 0.0 47100
1605199360547 0.0 47200
1605199366565 0.0 47300
1605199372459 0.0 47400
1605199378451 0.0 47500
1605199384372 0.0 47600
1605199390378 0.0 47700
1605199396291 0.0 47800
1605199402103 0.0 47900
1605199407764 0.0 48000
1605199413660 0.0 48100
1605199419555 0.0 48200
1605199425339 0.0 48300
1605199431333 0.0 48400
1605199437214 0.0 48500
1605199443135 0.0 48600
1605199449012 0.0 48700
1605199454485 0.0 48800
1605199460258 0.0 48900
1605199466311 0.0 49000
1605199472283 0.0 49100
1605199478204 0.0 49200
1605199484275 0.0 49300
1605199490375 0.0 49400
1605199496474 0.0 49500
1605199502330 0.0 49600
1605199508356 0.0 49700
1605199514482 0.0 49800
1605199520511 0.0 49900
1605199526434 0.0 50000
1605199532370 0.0 50100
1605199538216 0.0 50200
1605199543688 0.0 50300
1605199549485 0.0 50400
1605199555313 0.0 50500
1605199560922 0.0 50600
1605199566281 0.0 50700
1605199571484 0.0 50800
1605199576987 0.0 50900
1605199582417 0.0 51000
1605199587734 0.0 51100
1605199593186 0.0 51200
1605199598518 0.0 51300
1605199644956 0.0 51400
1605199650904 0.0 51500
1605199656732 0.0 51600
1605199662488 0.0 51700
1605199668142 0.0 51800
1605199674004 0.0 51900
1605199679913 0.0 52000
1605199685771 0.0 52100
1605199691644 0.0 52200
1605199697369 0.0 52300
1605199703327 0.0 52400
1605199709610 0.0 52500
1605199715474 0.0 52600
1605199720874 0.0 52700
1605199726359 0.0 52800
1605199732263 0.0 52900
1605199737946 0.0 53000
1605199743549 0.0 53100
1605199749479 0.0 53200
1605199755342 0.0 53300
1605199761274 0.0 53400
1605199767019 0.0 53500
1605199772367 0.0 53600
1605199778340 0.0 53700
1605199784612 0.0 53800
1605199790240 0.0 53900
1605199795798 0.0 54000
1605199801190 0.0 54100
1605199807008 0.0 54200
1605199812756 0.0 54300
1605199818514 0.0 54400
1605199824350 0.0 54500
1605199830119 0.0 54600
1605199835956 0.0 54700
1605199841736 0.0 54800
1605199847563 0.0 54900
1605199853118 0.0 55000
1605199858635 0.0 55100
1605199864154 0.0 55200
1605199870159 0.0 55300
1605199876075 0.0 55400
1605199882037 0.0 55500
1605199887699 0.0 55600
1605199893614 0.0 55700
1605199899505 0.0 55800
1605199905137 0.0 55900
1605199910797 0.0 56000
1605199916654 0.0 56100
1605199922428 0.0 56200
1605199928262 0.0 56300
1605199933967 0.0 56400
1605199939724 0.0 56500
1605199945579 0.0 56600
1605199951439 0.0 56700
1605199957310 0.0 56800
1605199963073 0.0 56900
1605199968820 0.0 57000
1605199974554 0.0 57100
1605199980526 0.0 57200
1605199986189 0.0 57300
1605199991999 0.0 57400
1605199997854 0.0 57500
1605200003281 0.0 57600
1605200009009 0.0 57700
1605200014979 0.0 57800
1605200020927 0.0 57900
1605200026878 0.0 58000
1605200032692 0.0 58100
1605200038766 0.0 58200
1605200044790 0.0 58300
1605200050607 0.0 58400
1605200056289 0.0 58500
1605200062050 0.0 58600
1605200107436 0.0 58700
1605200113376 0.0 58800
1605200119205 0.0 58900
1605200125105 0.0 59000
1605200130788 0.0 59100
1605200136709 0.0 59200
1605200142594 0.0 59300
1605200148525 0.0 59400
1605200154588 0.0 59500
1605200160383 0.0 59600
1605200166375 0.0 59700
1605200172312 0.0 59800
1605200178032 0.0 59900
1605200183694 0.0 60000
1605200189706 0.0 60100
1605200195548 0.0 60200
1605200200905 0.0 60300
1605200206528 0.0 60400
1605200212485 0.0 60500
1605200218530 0.0 60600
1605200224460 0.0 60700
1605200230108 0.0 60800
1605200236045 0.0 60900
1605200241971 0.0 61000
1605200247930 0.0 61100
1605200253886 0.0 61200
1605200259958 0.0 61300
1605200265910 0.0 61400
1605200271846 0.0 61500
1605200277636 0.0 61600
1605200283659 0.0 61700
1605200289836 0.0 61800
1605200295743 0.0 61900
1605200301694 0.0 62000
1605200307446 0.0 62100
1605200313039 0.0 62200
1605200318832 0.0 62300
1605200324546 0.0 62400
1605200330276 0.0 62500
1605200336048 0.0 62600
1605200341643 0.0 62700
1605200347436 0.0 62800
1605200353479 0.0 62900
1605200359497 0.0 63000
1605200365035 0.0 63100
1605200371019 0.0 63200
1605200376724 0.0 63300
1605200382638 0.0 63400
1605200388651 0.0 63500
1605200394609 0.0 63600
1605200400663 0.0 63700
1605200406594 0.0 63800
1605200412684 0.0 63900
1605200418816 0.0 64000
1605200424701 0.0 64100
1605200430774 0.0 64200
1605200436655 0.0 64300
1605200442154 0.0 64400
1605200447974 0.0 64500
1605200453865 0.0 64600
1605200459546 0.0 64700
1605200465332 0.0 64800
1605200470959 0.0 64900
1605200476732 0.0 65000
1605200482455 0.0 65100
1605200488059 0.0 65200
1605200493856 0.0 65300
1605200499659 0.0 65400
1605200505481 0.0 65500
1605200511317 0.0 65600
1605200517011 0.0 65700
1605200522621 0.0 65800
1605200528266 0.0 65900
1605200574473 0.0 66000
1605200580289 0.0 66100
1605200586114 0.0 66200
1605200591923 0.0 66300
1605200597646 0.0 66400
1605200603488 0.0 66500
1605200609475 0.0 66600
1605200615397 0.0 66700
1605200621058 0.0 66800
1605200626934 0.0 66900
1605200632810 0.0 67000
1605200638738 0.0 67100
1605200644792 0.0 67200
1605200650840 0.0 67300
1605200656761 0.0 67400
1605200662825 0.0 67500
1605200668610 0.0 67600
1605200674699 0.0 67700
1605200680551 0.0 67800
1605200686379 0.0 67900
1605200692238 0.0 68000
1605200698102 0.0 68100
1605200704052 0.0 68200
1605200709915 0.0 68300
1605200715601 0.0 68400
1605200721614 0.0 68500
1605200727614 0.0 68600
1605200733603 0.0 68700
1605200739517 0.0 68800
1605200745151 0.0 68900
1605200750936 0.0 69000
1605200756527 0.0 69100
1605200762166 0.0 69200
1605200768167 0.0 69300
1605200773921 0.0 69400
1605200779811 0.0 69500
1605200785511 0.0 69600
1605200791333 0.0 69700
1605200797144 0.0 69800
1605200802882 0.0 69900
1605200808564 0.0 70000
1605200814177 0.0 70100
1605200820008 0.0 70200
1605200825918 0.0 70300
1605200831819 0.0 70400
1605200837338 0.0 70500
1605200842754 0.0 70600
1605200848615 0.0 70700
1605200854542 0.0 70800
1605200859868 0.0 70900
1605200865007 0.0 71000
1605200870630 0.0 71100
1605200876652 0.0 71200
1605200882764 0.0 71300
1605200888790 0.0 71400
1605200894841 0.0 71500
1605200900912 0.0 71600
1605200906907 0.0 71700
1605200912901 0.0 71800
1605200918965 0.0 71900
1605200925083 0.0 72000
1605200931094 0.0 72100
1605200936903 0.0 72200
1605200942587 0.0 72300
1605200948148 0.0 72400
1605200953757 0.0 72500
1605200959507 0.0 72600
1605200965428 0.0 72700
1605200971479 0.0 72800
1605200977409 0.0 72900
1605200983297 0.0 73000
1605200989323 0.0 73100
1605200995321 0.0 73200
1605201001320 0.0 73300
1605201048448 0.0 73400
1605201054149 0.0 73500
1605201059958 0.0 73600
1605201065888 0.0 73700
1605201071851 0.0 73800
1605201077905 0.0 73900
1605201083889 0.0 74000
1605201089877 0.0 74100
1605201095846 0.0 74200
1605201101677 0.0 74300
1605201107670 0.0 74400
1605201113709 0.0 74500
1605201119721 0.0 74600
1605201125692 0.0 74700
1605201131544 0.0 74800
1605201137365 0.0 74900
1605201143301 0.0 75000
1605201149116 0.0 75100
1605201155089 0.0 75200
1605201161066 0.0 75300
1605201166773 0.0 75400
1605201172183 0.0 75500
1605201177767 0.0 75600
1605201183471 0.0 75700
1605201189261 0.0 75800
1605201195011 0.0 75900
1605201200493 0.0 76000
1605201206026 0.0 76100
1605201211960 0.0 76200
1605201217918 0.0 76300
1605201223260 0.0 76400
1605201228370 0.0 76500
1605201233971 0.0 76600
1605201240003 0.0 76700
1605201245607 0.0 76800
1605201251639 0.0 76900
1605201257644 0.0 77000
1605201263688 0.0 77100
1605201269593 0.0 77200
1605201275512 0.0 77300
1605201281259 0.0 77400
1605201286945 0.0 77500
1605201292683 0.0 77600
1605201298485 0.0 77700
1605201304404 0.0 77800
1605201310191 0.0 77900
1605201316108 0.0 78000
1605201322072 0.0 78100
1605201327793 0.0 78200
1605201333492 0.0 78300
1605201339244 0.0 78400
1605201344979 0.0 78500
1605201350898 0.0 78600
1605201356819 0.0 78700
1605201362606 0.0 78800
1605201368526 0.0 78900
1605201374518 0.0 79000
1605201380404 0.0 79100
1605201386280 0.0 79200
1605201392157 0.0 79300
1605201398112 0.0 79400
1605201404108 0.0 79500
1605201410133 0.0 79600
1605201416029 0.0 79700
1605201421934 0.0 79800
1605201427872 0.0 79900
1605201433961 0.0 80000
1605201439754 0.0 80100
1605201445776 0.0 80200
1605201451647 0.0 80300
1605201457453 0.0 80400
1605201462984 0.0 80500
1605201468554 0.0 80600
1605201513989 0.0 80700
1605201519418 0.0 80800
1605201524658 0.0 80900
1605201530229 0.0 81000
1605201535905 0.0 81100
1605201541508 0.0 81200
1605201547430 0.0 81300
1605201553436 0.0 81400
1605201559552 0.0 81500
1605201565632 0.0 81600
1605201571769 0.0 81700
1605201577735 0.0 81800
1605201583559 0.0 81900
1605201589339 0.0 82000
1605201595312 0.0 82100
1605201601093 0.0 82200
1605201606930 0.0 82300
1605201612733 0.0 82400
1605201618535 0.0 82500
1605201624585 0.0 82600
1605201630358 0.0 82700
1605201635904 0.0 82800
1605201641550 0.0 82900
1605201647118 0.0 83000
1605201652920 0.0 83100
1605201658871 0.0 83200
1605201664840 0.0 83300
1605201670782 0.0 83400
1605201676606 0.0 83500
1605201682166 0.0 83600
1605201687700 0.0 83700
1605201693675 0.0 83800
1605201699707 0.0 83900
1605201705765 0.0 84000
1605201711191 0.0 84100
1605201717031 0.0 84200
1605201722758 0.0 84300
1605201728679 0.0 84400
1605201734408 0.0 84500
1605201740371 0.0 84600
1605201746256 0.0 84700
1605201752180 0.0 84800
1605201757840 0.0 84900
1605201763511 0.0 85000
1605201769499 0.0 85100
1605201775511 0.0 85200
1605201781423 0.0 85300
1605201787270 0.0 85400
1605201793114 0.0 85500
1605201798991 0.0 85600
1605201804961 0.0 85700
1605201811062 0.0 85800
1605201817231 0.0 85900
1605201823362 0.0 86000
1605201829381 0.0 86100
1605201835373 0.0 86200
1605201841437 0.0 86300
1605201847396 0.0 86400
1605201853394 0.0 86500
1605201859266 0.0 86600
1605201865197 0.0 86700
1605201871258 0.0 86800
1605201877080 0.0 86900
1605201883031 0.0 87000
1605201889046 0.0 87100
1605201895111 0.0 87200
1605201901095 0.0 87300
1605201907129 0.0 87400
1605201913052 0.0 87500
1605201918800 0.0 87600
1605201924214 0.0 87700
1605201929803 0.0 87800
1605201935363 0.0 87900
1605201981230 0.0 88000
1605201987033 0.0 88100
1605201992921 0.0 88200
1605201998681 0.0 88300
1605202004100 0.0 88400
1605202009847 0.0 88500
1605202015975 0.0 88600
1605202021860 0.0 88700
1605202027873 0.0 88800
1605202033920 0.0 88900
1605202039856 0.0 89000
1605202045740 0.0 89100
1605202051642 0.0 89200
1605202057528 0.0 89300
1605202063250 0.0 89400
1605202069423 0.0 89500
1605202075008 0.0 89600
1605202080985 0.0 89700
1605202086874 0.0 89800
1605202092654 0.0 89900
1605202098338 0.0 90000
1605202104245 0.0 90100
1605202110205 0.0 90200
1605202116075 0.0 90300
1605202121871 0.0 90400
1605202127902 0.0 90500
1605202133899 0.0 90600
1605202139895 0.0 90700
1605202145842 0.0 90800
1605202151851 0.0 90900
1605202157795 0.0 91000
1605202163483 0.0 91100
1605202168565 0.0 91200
1605202173624 0.0 91300
1605202179349 0.0 91400
1605202184773 0.0 91500
1605202190430 0.0 91600
1605202196255 0.0 91700
1605202202136 0.0 91800
1605202207809 0.0 91900
1605202213573 0.0 92000
1605202218957 0.0 92100
1605202224610 0.0 92200
1605202230148 0.0 92300
1605202236239 0.0 92400
1605202242292 0.0 92500
1605202247762 0.0 92600
1605202253663 0.0 92700
1605202259713 0.0 92800
1605202265573 0.0 92900
1605202271536 0.0 93000
1605202277568 0.0 93100
1605202283473 0.0 93200
1605202289503 0.0 93300
1605202295471 0.0 93400
1605202301519 0.0 93500
1605202307429 0.0 93600
1605202313324 0.0 93700
1605202319288 0.0 93800
1605202325260 0.0 93900
1605202331022 0.0 94000
1605202337071 0.0 94100
1605202343137 0.0 94200
1605202349261 0.0 94300
1605202355398 0.0 94400
1605202361293 0.0 94500
1605202367195 0.0 94600
1605202373119 0.0 94700
1605202379055 0.0 94800
1605202385097 0.0 94900
1605202391097 0.0 95000
1605202397123 0.0 95100
1605202403086 0.0 95200
1605202408978 0.0 95300
1605202455002 0.0 95400
1605202460757 0.0 95500
1605202466669 0.0 95600
1605202472586 0.0 95700
1605202478583 0.0 95800
1605202484589 0.0 95900
1605202490247 0.0 96000
1605202495413 0.0 96100
1605202500619 0.0 96200
1605202506184 0.0 96300
1605202511786 0.0 96400
1605202517489 0.0 96500
1605202523257 0.0 96600
1605202529181 0.0 96700
1605202535130 0.0 96800
1605202540829 0.0 96900
1605202546700 0.0 97000
1605202552610 0.0 97100
1605202558238 0.0 97200
1605202564085 0.0 97300
1605202569888 0.0 97400
1605202575829 0.0 97500
1605202581789 0.0 97600
1605202587769 0.0 97700
1605202593608 0.0 97800
1605202599370 0.0 97900
1605202604905 0.0 98000
1605202610805 0.0 98100
1605202616760 0.0 98200
1605202622764 0.0 98300
1605202628733 0.0 98400
1605202634444 0.0 98500
1605202639933 0.0 98600
1605202645152 0.0 98700
1605202650949 0.0 98800
1605202656713 0.0 98900
1605202662487 0.0 99000
1605202668343 0.0 99100
1605202674266 0.0 99200
1605202680312 0.0 99300
1605202686330 0.0 99400
1605202691806 0.0 99500
1605202697383 0.0 99600
1605202702848 0.0 99700
1605202708786 0.0 99800
1605202714824 0.0 99900
1605202720951 0.0 100000
1605202727099 0.0 100100
1605202733226 0.0 100200
1605202739156 0.0 100300
1605202744962 0.0 100400
1605202750629 0.0 100500
1605202756454 0.0 100600
1605202762434 0.0 100700
1605202768558 0.0 100800
1605202774357 0.0 100900
1605202780218 0.0 101000
1605202786020 0.0 101100
1605202791861 0.0 101200
1605202797526 0.0 101300
1605202803454 0.0 101400
1605202809476 0.0 101500
1605202815659 0.0 101600
1605202821647 0.0 101700
1605202827649 0.0 101800
1605202833647 0.0 101900
1605202839642 0.0 102000
1605202845407 0.0 102100
1605202851376 0.0 102200
1605202857454 0.0 102300
1605202863504 0.0 102400
1605202869464 0.0 102500
1605202875382 0.0 102600
1605202922072 0.0 102700
1605202928073 0.0 102800
1605202934060 0.0 102900
1605202939935 0.0 103000
1605202945898 0.0 103100
1605202951944 0.0 103200
1605202957969 0.0 103300
1605202963849 0.0 103400
1605202969716 0.0 103500
1605202975543 0.0 103600
1605202981156 0.0 103700
1605202986978 0.0 103800
1605202992693 0.0 103900
1605202998557 0.0 104000
1605203004549 0.0 104100
1605203010228 0.0 104200
1605203016079 0.0 104300
1605203021966 0.0 104400
1605203027984 0.0 104500
1605203034020 0.0 104600
1605203039764 0.0 104700
1605203045806 0.0 104800
1605203051891 0.0 104900
1605203057910 0.0 105000
1605203063967 0.0 105100
1605203070076 0.0 105200
1605203076059 0.0 105300
1605203082103 0.0 105400
1605203087935 0.0 105500
1605203093819 0.0 105600
1605203099630 0.0 105700
1605203105324 0.0 105800
1605203111388 0.0 105900
1605203117338 0.0 106000
1605203123266 0.0 106100
1605203129085 0.0 106200
1605203134884 0.0 106300
1605203140665 0.0 106400
1605203145702 0.0 106500
1605203151466 0.0 106600
1605203157316 0.0 106700
1605203163166 0.0 106800
1605203168967 0.0 106900
1605203174886 0.0 107000
1605203180733 0.0 107100
1605203186534 0.0 107200
1605203192639 0.0 107300
1605203198714 0.0 107400
1605203204711 0.0 107500
1605203210713 0.0 107600
1605203216766 0.0 107700
1605203222916 0.0 107800
1605203228739 0.0 107900
1605203234389 0.0 108000
1605203240314 0.0 108100
1605203246308 0.0 108200
1605203252411 0.0 108300
1605203258562 0.0 108400
1605203264599 0.0 108500
1605203270478 0.0 108600
1605203276422 0.0 108700
1605203282245 0.0 108800
1605203288204 0.0 108900
1605203294116 0.0 109000
1605203300037 0.0 109100
1605203305950 0.0 109200
1605203311864 0.0 109300
1605203317555 0.0 109400
1605203323306 0.0 109500
1605203329059 0.0 109600
1605203335051 0.0 109700
1605203341155 0.0 109800
1605203347147 0.0 109900
1605203393205 0.0 110000
1605203399036 0.0 110100
1605203404759 0.0 110200
1605203410542 0.0 110300
1605203416307 0.0 110400
1605203422040 0.0 110500
1605203427643 0.0 110600
1605203433531 0.0 110700
1605203439466 0.0 110800
1605203445379 0.0 110900
1605203451336 0.0 111000
1605203457283 0.0 111100
1605203463374 0.0 111200
1605203469516 0.0 111300
1605203475273 0.0 111400
1605203481268 0.0 111500
1605203487004 0.0 111600
1605203492908 0.0 111700
1605203498919 0.0 111800
1605203504600 0.0 111900
1605203510335 0.0 112000
1605203516056 0.0 112100
1605203521704 0.0 112200
1605203527532 0.0 112300
1605203533281 0.0 112400
1605203539074 0.0 112500
1605203545011 0.0 112600
1605203550728 0.0 112700
1605203556525 0.0 112800
1605203562331 0.0 112900
1605203567968 0.0 113000
1605203573524 0.0 113100
1605203579334 0.0 113200
1605203584980 0.0 113300
1605203590682 0.0 113400
1605203596492 0.0 113500
1605203602395 0.0 113600
1605203608181 0.0 113700
1605203613862 0.0 113800
1605203619676 0.0 113900
1605203625794 0.0 114000
1605203631718 0.0 114100
1605203637627 0.0 114200
1605203643338 0.0 114300
1605203649181 0.0 114400
1605203654974 0.0 114500
1605203660700 0.0 114600
1605203666321 0.0 114700
1605203672039 0.0 114800
1605203677897 0.0 114900
1605203683619 0.0 115000
1605203689533 0.0 115100
1605203695167 0.0 115200
1605203700626 0.0 115300
1605203706628 0.0 115400
1605203712322 0.0 115500
1605203717946 0.0 115600
1605203723688 0.0 115700
1605203729625 0.0 115800
1605203735546 0.0 115900
1605203741450 0.0 116000
1605203747114 0.0 116100
1605203753018 0.0 116200
1605203759027 0.0 116300
1605203764783 0.0 116400
1605203770600 0.0 116500
1605203775911 0.0 116600
1605203781069 0.0 116700
1605203786542 0.0 116800
1605203791964 0.0 116900
1605203797619 0.0 117000
1605203803536 0.0 117100
1605203809354 0.0 117200
1605203854853 0.0 117300
1605203860526 0.0 117400
1605203865845 0.0 117500
1605203871602 0.0 117600
1605203877537 0.0 117700
1605203883223 0.0 117800
1605203888967 0.0 117900
1605203894691 0.0 118000
1605203900466 0.0 118100
1605203906171 0.0 118200
1605203911858 0.0 118300
1605203917155 0.0 118400
1605203922904 0.0 118500
1605203928674 0.0 118600
1605203934318 0.0 118700
1605203939968 0.0 118800
1605203945862 0.0 118900
1605203951757 0.0 119000
1605203957650 0.0 119100
1605203962966 0.0 119200
1605203968706 0.0 119300
1605203974609 0.0 119400
1605203980350 0.0 119500
1605203986103 0.0 119600
1605203991845 0.0 119700
1605203997781 0.0 119800
1605204003602 0.0 119900
1605204008862 0.0 120000
1605204014839 0.0 120100
1605204020739 0.0 120200
1605204026418 0.0 120300
1605204032477 0.0 120400
1605204038604 0.0 120500
1605204044675 0.0 120600
1605204050707 0.0 120700
1605204056512 0.0 120800
1605204062378 0.0 120900
1605204068270 0.0 121000
1605204074179 0.0 121100
1605204080123 0.0 121200
1605204085918 0.0 121300
1605204091691 0.0 121400
1605204097183 0.0 121500
1605204102897 0.0 121600
1605204108124 0.0 121700
1605204114149 0.0 121800
1605204120050 0.0 121900
1605204125680 0.0 122000
1605204131371 0.0 122100
1605204137129 0.0 122200
1605204142874 0.0 122300
1605204148667 0.0 122400
1605204154469 0.0 122500
1605204160269 0.0 122600
1605204166151 0.0 122700
1605204172163 0.0 122800
1605204178126 0.0 122900
1605204184003 0.0 123000
1605204189879 0.0 123100
1605204195662 0.0 123200
1605204201408 0.0 123300
1605204207072 0.0 123400
1605204212945 0.0 123500
1605204218875 0.0 123600
1605204224840 0.0 123700
1605204230887 0.0 123800
1605204236782 0.0 123900
1605204242845 0.0 124000
1605204248819 0.0 124100
1605204254529 0.0 124200
1605204260620 0.0 124300
1605204266703 0.0 124400
1605204272765 0.0 124500
1605204278679 0.0 124600
1605204324333 0.0 124700
1605204330079 0.0 124800
1605204335965 0.0 124900
1605204342013 0.0 125000
1605204347779 0.0 125100
1605204353700 0.0 125200
1605204359731 0.0 125300
1605204365656 0.0 125400
1605204371514 0.0 125500
1605204377524 0.0 125600
1605204383604 0.0 125700
1605204389638 0.0 125800
1605204395632 0.0 125900
1605204401636 0.0 126000
1605204407781 0.0 126100
1605204413843 0.0 126200
1605204419758 0.0 126300
1605204425771 0.0 126400
1605204431725 0.0 126500
1605204437869 0.0 126600
1605204443706 0.0 126700
1605204449617 0.0 126800
1605204455550 0.0 126900
1605204461565 0.0 127000
1605204467410 0.0 127100
1605204473242 0.0 127200
1605204479236 0.0 127300
1605204485295 0.0 127400
1605204491149 0.0 127500
1605204497217 0.0 127600
1605204503393 0.0 127700
1605204509388 0.0 127800
1605204515405 0.0 127900
1605204521529 0.0 128000
1605204527574 0.0 128100
1605204533572 0.0 128200
1605204539414 0.0 128300
1605204545366 0.0 128400
1605204551250 0.0 128500
1605204556986 0.0 128600
1605204563090 0.0 128700
1605204569254 0.0 128800
1605204575128 0.0 128900
1605204581009 0.0 129000
1605204586766 0.0 129100
1605204592875 0.0 129200
1605204598892 0.0 129300
1605204604752 0.0 129400
1605204610674 0.0 129500
1605204616642 0.0 129600
1605204622711 0.0 129700
1605204628586 0.0 129800
1605204634174 0.0 129900
1605204640070 0.0 130000
1605204645913 0.0 130100
1605204651927 0.0 130200
1605204657850 0.0 130300
1605204663826 0.0 130400
1605204669838 0.0 130500
1605204675877 0.0 130600
1605204681703 0.0 130700
1605204687644 0.0 130800
1605204693735 0.0 130900
1605204699796 0.0 131000
1605204705459 0.0 131100
1605204711242 0.0 131200
1605204717043 0.0 131300
1605204722937 0.0 131400
1605204728711 0.0 131500
1605204734450 0.0 131600
1605204740380 0.0 131700
1605204746456 0.0 131800
1605204752355 0.0 131900
1605204799569 0.0 132000
1605204805428 0.0 132100
1605204811297 0.0 132200
1605204817320 0.0 132300
1605204823229 0.0 132400
1605204828993 0.0 132500
1605204834813 0.0 132600
1605204840595 0.0 132700
1605204846510 0.0 132800
1605204851680 0.0 132900
1605204856807 0.0 133000
1605204862573 0.0 133100
1605204868378 0.0 133200
1605204874298 0.0 133300
1605204879890 0.0 133400
1605204885792 0.0 133500
1605204891667 0.0 133600
1605204897632 0.0 133700
1605204903607 0.0 133800
1605204909702 0.0 133900
1605204915731 0.0 134000
1605204921802 0.0 134100
1605204927591 0.0 134200
1605204933482 0.0 134300
1605204939201 0.0 134400
1605204945035 0.0 134500
1605204950953 0.0 134600
1605204956793 0.0 134700
1605204962552 0.0 134800
1605204968350 0.0 134900
1605204973980 0.0 135000
1605204979621 0.0 135100
1605204985370 0.0 135200
1605204991393 0.0 135300
1605204997328 0.0 135400
1605205003082 0.0 135500
1605205008904 0.0 135600
1605205014735 0.0 135700
1605205020511 0.0 135800
1605205026365 0.0 135900
1605205032239 0.0 136000
1605205038114 0.0 136100
1605205044127 0.0 136200
1605205050147 0.0 136300
1605205056238 0.0 136400
1605205062269 0.0 136500
1605205068216 0.0 136600
1605205074183 0.0 136700
1605205080238 0.0 136800
1605205086209 0.0 136900
1605205092022 0.0 137000
1605205097770 0.0 137100
1605205103599 0.0 137200
1605205109371 0.0 137300
1605205115019 0.0 137400
1605205120463 0.0 137500
1605205126294 0.0 137600
1605205132108 0.0 137700
1605205137971 0.0 137800
1605205143962 0.0 137900
1605205149665 0.0 138000
1605205154927 0.0 138100
1605205160244 0.0 138200
1605205165848 0.0 138300
1605205171770 0.0 138400
1605205177851 0.0 138500
1605205183329 0.0 138600
1605205189266 0.0 138700
1605205195225 0.0 138800
1605205201316 0.0 138900
1605205207256 0.0 139000
1605205213063 0.0 139100
1605205218351 0.0 139200
1605205264809 0.0 139300
1605205270472 0.0 139400
1605205276114 0.0 139500
1605205281765 0.0 139600
1605205287255 0.0 139700
1605205292984 0.0 139800
1605205299040 0.0 139900
1605205305281 0.0 140000
1605205311133 0.0 140100
1605205316923 0.0 140200
1605205322743 0.0 140300
1605205328569 0.0 140400
1605205334394 0.0 140500
1605205340146 0.0 140600
1605205346097 0.0 140700
1605205351832 0.0 140800
1605205357569 0.0 140900
1605205363184 0.0 141000
1605205369033 0.0 141100
1605205374931 0.0 141200
1605205380600 0.0 141300
1605205386523 0.0 141400
1605205391911 0.0 141500
1605205397323 0.0 141600
1605205402452 0.0 141700
1605205407654 0.0 141800
1605205412952 0.0 141900
1605205418284 0.0 142000
1605205423857 0.0 142100
1605205429732 0.0 142200
1605205435655 0.0 142300
1605205441576 0.0 142400
1605205447536 0.0 142500
1605205453541 0.0 142600
1605205459307 0.0 142700
1605205465150 0.0 142800
1605205470897 0.0 142900
1605205476461 0.0 143000
1605205482048 0.0 143100
1605205487783 0.0 143200
1605205493595 0.0 143300
1605205499494 0.0 143400
1605205505402 0.0 143500
1605205511140 0.0 143600
1605205516996 0.0 143700
1605205522946 0.0 143800
1605205528900 0.0 143900
1605205534800 0.0 144000
1605205540707 0.0 144100
1605205546586 0.0 144200
1605205552577 0.0 144300
1605205557758 0.0 144400
1605205563632 0.0 144500
1605205569735 0.0 144600
1605205575709 0.0 144700
1605205581863 0.0 144800
1605205587877 0.0 144900
1605205593896 0.0 145000
1605205599764 0.0 145100
1605205605356 0.0 145200
1605205610966 0.0 145300
1605205616646 0.0 145400
1605205622244 0.0 145500
1605205627785 0.0 145600
1605205633167 0.0 145700
1605205638614 0.0 145800
1605205644056 0.0 145900
1605205649730 0.0 146000
1605205655202 0.0 146100
1605205660986 0.0 146200
1605205666779 0.0 146300
1605205672439 0.0 146400
1605205678170 0.0 146500
1605205684064 0.0 146600
