1605196373712 0.03333333333333333 0
1605196379437 0.07804679802781728 100
1605196384933 0.08928273246957545 200
1605196390496 0.08830169335791307 300
1605196395952 0.1245720264698537 400
1605196401465 0.12766392456341974 500
1605196407093 0.12676371588310434 600
1605196412784 0.13587713073310545 700
1605196418805 0.14122546887368342 800
1605196424487 0.14499985575048313 900
1605196430201 0.1503277988115098 1000
1605196436066 0.1583597950204548 1100
1605196441968 0.16090967993631694 1200
1605196447865 0.16454258364735494 1300
1605196453728 0.16804384930582814 1400
1605196459471 0.17376347919240234 1500
1605196465424 0.1794428038047306 1600
1605196471388 0.18487362477469385 1700
1605196477128 0.18692794897157755 1800
1605196483003 0.18995320105115082 1900
1605196488957 0.19177934483016199 2000
1605196494899 0.19595875553891748 2100
1605196500842 0.19786247507350357 2200
1605196506796 0.20011067779644492 2300
1605196512508 0.20235665998638722 2400
1605196518400 0.20599889288343548 2500
1605196524223 0.2086651836145991 2600
1605196529741 0.21241351308578116 2700
1605196535524 0.21510964967802176 2800
1605196541393 0.21739109348463387 2900
1605196547092 0.22014838958897895 3000
1605196552900 0.2221183503483481 3100
1605196558610 0.2249381383499735 3200
1605196564422 0.22625312651666754 3300
1605196570151 0.22774457154898933 3400
1605196575757 0.22953862406158815 3500
1605196581399 0.2320623103141945 3600
1605196587179 0.234069371589224 3700
1605196592937 0.2364705280465323 3800
1605196598767 0.2389634680593702 3900
1605196604478 0.24046742524089396 4000
1605196610339 0.2430223548206743 4100
1605196616175 0.24520321749170618 4200
1605196622100 0.24789851291716639 4300
1605196627807 0.2503553290869601 4400
1605196633698 0.25134790810116275 4500
1605196639600 0.2539172257888465 4600
1605196645564 0.2563014080281719 4700
1605196651541 0.2584057904167971 4800
1605196657588 0.25998229830625064 4900
1605196663749 0.2620054153652246 5000
1605196669747 0.26355135522271755 5100
1605196675513 0.264387890196602 5200
1605196681791 0.26518825624442566 5300
1605196687647 0.26690351864773 5400
1605196693615 0.2678789065048367 5500
1605196699663 0.2698598221792803 5600
1605196705705 0.27108496528489756 5700
1605196711830 0.2726762246716732 5800
1605196717835 0.2744132111453964 5900
1605196723570 0.27639942992140987 6000
1605196729288 0.27796429731691136 6100
1605196734979 0.27928526320246505 6200
1605196740708 0.281153105232802 6300
1605196746530 0.28224860913761346 6400
1605196752632 0.28375464850669213 6500
1605196758464 0.2852029696394725 6600
1605196764221 0.28691646119261105 6700
1605196769940 0.28798800039071587 6800
1605196775803 0.28977129831768716 6900
1605196781655 0.2908510205164762 7000
1605196787398 0.29170969351825493 7100
1605196793073 0.2930319497808742 7200
1605196799010 0.29414820327707114 7300
1605196844922 0.38057189234273786 7400
1605196850734 0.38242517281106025 7500
1605196856422 0.3886744892360818 7600
1605196862128 0.3902764411302933 7700
1605196867734 0.3954628010142925 7800
1605196873423 0.4020439837962516 7900
1605196879286 0.401170765195769 8000
1605196884911 0.40017009418262306 8100
1605196890664 0.39902244179964896 8200
1605196896374 0.3991748925338823 8300
1605196902225 0.3990222448654328 8400
1605196907827 0.40027913874927645 8500
1605196913443 0.40195866852549134 8600
1605196918889 0.4017773763603382 8700
1605196924761 0.40237576930282276 8800
1605196930644 0.4019629751429421 8900
1605196936520 0.4019476418357549 9000
1605196942051 0.4023899270180785 9100
1605196948001 0.4050598768511523 9200
1605196953981 0.40473173051286393 9300
1605196959804 0.405834660385665 9400
1605196965559 0.40623111198154876 9500
1605196971447 0.4073630220086734 9600
1605196977242 0.40822987431204244 9700
1605196983064 0.4089421917072059 9800
1605196988856 0.40935567091780467 9900
1605196994705 0.4104388862333205 10000
1605197000586 0.4093796211355392 10100
1605197006375 0.40995396773380444 10200
1605197012007 0.4111460227044469 10300
1605197017682 0.41207648667385327 10400
1605197023210 0.41242246324506765 10500
1605197028799 0.41335477481977706 10600
1605197034366 0.4133709847412388 10700
1605197040147 0.41443584974592695 10800
1605197045997 0.4145044829609758 10900
1605197051583 0.41548937805519526 11000
1605197057214 0.41558337515000154 11100
1605197063063 0.4161481952710203 11200
1605197068899 0.4169148520046802 11300
1605197074678 0.4174713127574883 11400
1605197080500 0.41790481393223294 11500
1605197086285 0.41825649613608934 11600
1605197092155 0.4196728122401697 11700
1605197097986 0.4208250991898817 11800
1605197103867 0.42114437311124886 11900
1605197109611 0.4222264334122485 12000
1605197115330 0.4224264107516536 12100
1605197121081 0.4232216789125481 12200
1605197126924 0.4233322322397538 12300
1605197132794 0.4246003902141875 12400
1605197138457 0.42542459137055416 12500
1605197144028 0.42588530278363645 12600
1605197149745 0.42684336956202024 12700
1605197155465 0.42731527081107074 12800
1605197160741 0.4278709221549432 12900
1605197166521 0.4285721434128738 13000
1605197172378 0.42948327507613904 13100
1605197178292 0.43021571993385355 13200
1605197184103 0.4309691000833011 13300
1605197189809 0.43186729854060796 13400
1605197195482 0.4325342877402031 13500
1605197201252 0.4332996772085484 13600
1605197207098 0.43355815571664785 13700
1605197212697 0.4343557325780645 13800
1605197218430 0.4343202680502377 13900
1605197224046 0.4350127031203666 14000
1605197229952 0.4354321345429503 14100
1605197235653 0.43594121730269286 14200
1605197241687 0.43656645589331944 14300
1605197247703 0.4367723154665346 14400
1605197253226 0.43710990847373454 14500
1605197258369 0.4377240442327787 14600
1605197304045 0.4709304735692941 14700
1605197309175 0.4717584189892194 14800
1605197314674 0.47706372754160464 14900
1605197320158 0.48453228846839647 15000
1605197325554 0.4764408274496141 15100
1605197331207 0.46909868551642375 15200
1605197336965 0.4716238324685104 15300
1605197342606 0.46990215545293224 15400
1605197348417 0.4695111433286554 15500
1605197354300 0.471455293685759 15600
1605197360165 0.4715507435250714 15700
1605197366081 0.47376370785518673 15800
1605197372126 0.4753789840967337 15900
1605197378094 0.47522229854790465 16000
1605197384068 0.47671778203858395 16100
1605197390070 0.4774353001523429 16200
1605197396135 0.47887522303650154 16300
1605197402095 0.4791883129100464 16400
1605197408056 0.4807623294649547 16500
1605197414084 0.483635880057329 16600
1605197420191 0.48427737461398246 16700
1605197426508 0.48556394664132957 16800
1605197433134 0.485378590262396 16900
1605197439093 0.48658795778365044 17000
1605197444991 0.48814654952127395 17100
1605197450540 0.49013142562738155 17200
1605197456281 0.49118611470220425 17300
1605197462165 0.49141639274903814 17400
1605197467812 0.49242192494379466 17500
1605197473549 0.49301823538379724 17600
1605197479094 0.4948217727578088 17700
1605197484776 0.4951947342969916 17800
1605197490559 0.4956704458950137 17900
1605197496304 0.49618659579608176 18000
1605197501898 0.49678800241147664 18100
1605197507780 0.49715510080749237 18200
1605197513878 0.4984020465005094 18300
1605197520017 0.4986207215720674 18400
1605197526104 0.49942741766199383 18500
1605197532212 0.5001224506370465 18600
1605197538188 0.4998162267199877 18700
1605197544099 0.4997123436832502 18800
1605197549753 0.5004049907229482 18900
1605197555624 0.5009812630245016 19000
1605197561622 0.5014766010312257 19100
1605197567545 0.5025748238365446 19200
1605197573576 0.5033020544099812 19300
1605197579602 0.5036101746130277 19400
1605197585613 0.5046446871521969 19500
1605197591436 0.5054240419933465 19600
1605197597061 0.5061558118620764 19700
1605197602174 0.5064239228367684 19800
1605197607582 0.5065518331141867 19900
1605197613014 0.5066777369015224 20000
1605197618378 0.5072758323408213 20100
1605197624204 0.5079533552984483 20200
1605197630101 0.5082733768690085 20300
1605197636530 0.5085883606602775 20400
1605197642756 0.5084737088153571 20500
1605197648813 0.5083823241956253 20600
1605197654737 0.5087711893364146 20700
1605197660321 0.5094667929907766 20800
1605197665939 0.5100609752862 20900
1605197671609 0.5104973872877939 21000
1605197677607 0.5112323759543489 21100
1605197683410 0.5115434685323745 21200
1605197688879 0.5118786646285074 21300
1605197694583 0.5123482306443051 21400
1605197700429 0.5127346742928036 21500
1605197706241 0.5129255290246819 21600
1605197712187 0.5135840945961643 21700
1605197717648 0.5141553406197739 21800
1605197723478 0.5147763081856821 21900
1605197769124 0.42856060606060603 22000
1605197774892 0.522259007263067 22100
1605197780643 0.5293047048616738 22200
1605197786560 0.5344564562790792 22300
1605197792856 0.5398768629112491 22400
1605197798787 0.5365773523888095 22500
1605197804786 0.5351250329553401 22600
1605197810809 0.5373589817557597 22700
1605197816771 0.5402901017072077 22800
1605197822734 0.5442554709214554 22900
1605197828645 0.5421873765451299 23000
1605197834606 0.5393497165182274 23100
1605197840583 0.5420058830069107 23200
1605197846417 0.544224781417605 23300
1605197852487 0.5439878896709793 23400
1605197858489 0.5462661107852063 23500
1605197864152 0.5474970075400507 23600
1605197869881 0.5484274844143557 23700
1605197875697 0.5484866337324869 23800
1605197881419 0.5486438611677346 23900
1605197887305 0.5494063254955652 24000
1605197893011 0.5516611015224773 24100
1605197898909 0.5515536476291171 24200
1605197904593 0.5525211214102134 24300
1605197910488 0.5526931209942143 24400
1605197916463 0.5533240541137866 24500
1605197922439 0.554361207916068 24600
1605197928397 0.5537939390506554 24700
1605197934419 0.5548870946194441 24800
1605197940098 0.5547896045450477 24900
1605197945817 0.5548325893956026 25000
1605197951378 0.5558839999431537 25100
1605197957133 0.5563920642059637 25200
1605197962966 0.5574479909396514 25300
1605197968631 0.5586058226452612 25400
1605197974246 0.5591978318964506 25500
1605197980066 0.5598215965999981 25600
1605197985902 0.5598616542911764 25700
1605197991871 0.5598798421652039 25800
1605197997778 0.5597093101152512 25900
1605198003724 0.5606582808056443 26000
1605198009659 0.5612718132674497 26100
1605198015535 0.5617414379773422 26200
1605198021405 0.5624913151942993 26300
1605198027318 0.5629263631306783 26400
1605198033175 0.5631174597905191 26500
1605198038728 0.5644123542435703 26600
1605198044276 0.5651306533949341 26700
1605198050212 0.5655600419596726 26800
1605198056232 0.5663381786570958 26900
1605198062273 0.5666537362337202 27000
1605198068283 0.5671878095872812 27100
1605198074318 0.5681100423762813 27200
1605198080434 0.5686932755844541 27300
1605198086259 0.5686382400446129 27400
1605198092403 0.5688120434797128 27500
1605198098530 0.5690932676484887 27600
1605198104726 0.5700389449152625 27700
1605198110841 0.5698808588316188 27800
1605198116856 0.5700500807255332 27900
1605198122887 0.570081874509062 28000
1605198128820 0.5702296495734616 28100
1605198134461 0.570982453928529 28200
1605198140389 0.5713441897035106 28300
1605198146114 0.5717498674822743 28400
1605198151809 0.5723534858832146 28500
1605198157583 0.5724832136920046 28600
1605198163375 0.5724140435091544 28700
1605198169254 0.5728911499553653 28800
1605198175272 0.5730959445534497 28900
1605198181135 0.5742209724843672 29000
1605198187171 0.575002099162274 29100
1605198193223 0.5751527987901931 29200
1605198199354 0.5756040321574716 29300
1605198249534 0.6311242255539564 29400
1605198255936 0.6113555841202817 29500
1605198262080 0.6062838615802275 29600
1605198268436 0.6043593881922932 29700
1605198274544 0.6005346672286836 29800
1605198280420 0.6064884363372249 29900
1605198286082 0.6066544326623639 30000
1605198291839 0.6076909297128539 30100
1605198297671 0.6060137788122582 30200
1605198303642 0.6085563264347631 30300
1605198309512 0.6093711165069909 30400
1605198315321 0.6092157214305953 30500
1605198321184 0.6103919053704201 30600
1605198326854 0.6089946608604644 30700
1605198332415 0.6112179154585501 30800
1605198338390 0.6113818371124661 30900
1605198344308 0.6121086087342832 31000
1605198350107 0.6128227720650641 31100
1605198355941 0.6114883019597157 31200
1605198361336 0.6138973908854048 31300
1605198367529 0.6137584525022776 31400
1605198373675 0.6148771632265924 31500
1605198379476 0.6146396625351767 31600
1605198384825 0.6139849998018325 31700
1605198390690 0.6151473443593117 31800
1605198396424 0.6158197803557687 31900
1605198402270 0.6153853697003226 32000
1605198407992 0.616085986880846 32100
1605198413456 0.6169190193174321 32200
1605198418517 0.6156158250333524 32300
1605198424013 0.6165336522381122 32400
1605198429390 0.6168354664580505 32500
1605198435551 0.6170221123426536 32600
1605198441388 0.6171084450629047 32700
1605198447246 0.6169833741680593 32800
1605198453215 0.617825247075583 32900
1605198459112 0.6175096723351422 33000
1605198465116 0.6186258489884691 33100
1605198471066 0.6190878623043593 33200
1605198476965 0.6190600045017758 33300
1605198482799 0.6202887525149839 33400
1605198488826 0.620966349225194 33500
1605198494965 0.6202604248868219 33600
1605198501052 0.6206186515945367 33700
1605198507047 0.6209727491137041 33800
1605198512935 0.6215586323181348 33900
1605198518757 0.6220663710806541 34000
1605198524527 0.6229363090611704 34100
1605198529856 0.6230722583673793 34200
1605198535029 0.6231987536398294 34300
1605198540591 0.6235360087664645 34400
1605198546505 0.6237651954316867 34500
1605198552417 0.6240478725148544 34600
1605198558354 0.624011138212801 34700
1605198564166 0.6245240323558716 34800
1605198570130 0.624624168199379 34900
1605198575738 0.6246913739788212 35000
1605198581537 0.625371015281309 35100
1605198587475 0.6258954134552306 35200
1605198593211 0.6265764660086035 35300
1605198598960 0.6270280270902926 35400
1605198604719 0.62728634844146 35500
1605198610665 0.6277881275502569 35600
1605198616554 0.6275604054199244 35700
1605198622257 0.6280370623329748 35800
1605198627740 0.6287087201564396 35900
1605198633679 0.6290438864472035 36000
1605198639481 0.6294865774825127 36100
1605198645359 0.6295745352831881 36200
1605198651191 0.6298889104057025 36300
1605198657077 0.630096637253889 36400
1605198662969 0.6305147221620354 36500
1605198668629 0.6308843185889886 36600
1605198713639 0.6315958391452945 36700
1605198718830 0.6331873657256553 36800
1605198723728 0.6334669992107231 36900
1605198729608 0.6364950326891698 37000
1605198735369 0.6383571992937747 37100
1605198741410 0.6446507626870719 37200
1605198747432 0.6477835035562451 37300
1605198753155 0.6456211976198796 37400
1605198758909 0.6484451836816107 37500
1605198764566 0.6519576793370423 37600
1605198770130 0.6530608717901296 37700
1605198775865 0.6541993025922734 37800
1605198781438 0.6527221448161566 37900
1605198786750 0.6543106746799185 38000
1605198792744 0.6540511875212023 38100
1605198798908 0.654841687590257 38200
1605198804902 0.6568351499780044 38300
1605198810671 0.657778787563591 38400
1605198816653 0.6596358078792138 38500
1605198822233 0.6608551595793197 38600
1605198828032 0.6612943912218968 38700
1605198833675 0.662250862663046 38800
1605198839272 0.6625259588783192 38900
1605198844738 0.662778191427918 39000
1605198850515 0.6627875796736674 39100
1605198856607 0.6629715615334864 39200
1605198862686 0.662620982374223 39300
1605198868577 0.6628002544105447 39400
1605198874390 0.6632690209159937 39500
1605198880254 0.6640681634194746 39600
1605198886074 0.6646300188051588 39700
1605198891911 0.6643641924449163 39800
1605198897685 0.6641970027327677 39900
1605198903166 0.6643134138580467 40000
1605198908776 0.6639963794582872 40100
1605198914296 0.6641928532659161 40200
1605198919891 0.6645343819200911 40300
1605198925670 0.6650088582658349 40400
1605198931617 0.6658219964848089 40500
1605198937431 0.6663692791155847 40600
1605198943304 0.6662634179515852 40700
1605198949086 0.6656808222622972 40800
1605198955176 0.6651743827748274 40900
1605198961396 0.6650017011037201 41000
1605198967139 0.6648199384152468 41100
1605198973163 0.6650865724212015 41200
1605198979315 0.6653777859696242 41300
1605198985283 0.665693477660857 41400
1605198991172 0.6655853578961022 41500
1605198996929 0.666137133058963 41600
1605199002619 0.6666669543634031 41700
1605199008205 0.6666515817453563 41800
1605199013897 0.666807841362885 41900
1605199019526 0.6666946567251301 42000
1605199025326 0.667507781697783 42100
1605199031171 0.6670084309272518 42200
1605199037068 0.6668869507393081 42300
1605199042893 0.6668070481167969 42400
1605199048612 0.6668890518589121 42500
1605199053694 0.6675083498269506 42600
1605199059178 0.6676221730950075 42700
1605199064741 0.6678532217389515 42800
1605199070467 0.6680297260934334 42900
1605199076277 0.6682569110940498 43000
1605199082223 0.6685269943201588 43100
1605199088117 0.6687950382311111 43200
1605199093921 0.668767417727637 43300
1605199099746 0.6686148097846204 43400
1605199105682 0.6686779469787233 43500
1605199111496 0.6690048403135886 43600
1605199117156 0.6694977294818283 43700
1605199123199 0.6694778051839206 43800
1605199128928 0.6693593290001396 43900
1605199174321 0.6766666666666666 44000
1605199180059 0.6791826608254726 44100
1605199185678 0.6914816664176293 44200
1605199191418 0.6974126787811523 44300
1605199197288 0.6963368476112309 44400
1605199203208 0.6970482429092721 44500
1605199209168 0.6963452070184921 44600
1605199214986 0.698551121697566 44700
1605199220967 0.6973549447597664 44800
1605199226794 0.6993388816000042 44900
1605199232638 0.6999092750250868 45000
1605199238682 0.6966077844723543 45100
1605199244486 0.6945797479967942 45200
1605199250239 0.6941596247152159 45300
1605199256205 0.6950217612500125 45400
1605199261803 0.6954163348803234 45500
1605199267736 0.6945362219402745 45600
1605199273548 0.6941598110320661 45700
1605199279436 0.6937472366052552 45800
1605199285300 0.6938557635000566 45900
1605199290876 0.6935960315019691 46000
1605199296496 0.6933797819425013 46100
1605199302309 0.6955961331983241 46200
1605199307803 0.6949331160532035 46300
1605199313690 0.6944105786956645 46400
1605199319529 0.6952579204450821 46500
1605199325376 0.6952256205925709 46600
1605199331306 0.6939844188734231 46700
1605199337201 0.6933230855681587 46800
1605199343098 0.6939132071668335 46900
1605199349051 0.6935381774241831 47000
1605199354762 0.6936434787364122 47100
1605199360547 0.6932231961845395 47200
1605199366565 0.6928173146367144 47300
1605199372459 0.6938059010019553 47400
1605199378451 0.6934089540377164 47500
1605199384372 0.6933944452173082 47600
1605199390378 0.6932649491604157 47700
1605199396291 0.6937097613328314 47800
1605199402103 0.69349275455817 47900
1605199407764 0.692979364935837 48000
1605199413660 0.6932358492521776 48100
1605199419555 0.6930068310916309 48200
1605199425339 0.6923420374052693 48300
1605199431333 0.6923764215315156 48400
1605199437214 0.692248636148718 48500
1605199443135 0.6920953974097739 48600
1605199449012 0.6923398398797335 48700
1605199454485 0.6926494219420638 48800
1605199460258 0.6926012170109547 48900
1605199466311 0.6919229366271554 49000
1605199472283 0.6918889435380222 49100
1605199478204 0.6919945841027852 49200
1605199484275 0.6921898374621474 49300
1605199490375 0.6919881144521755 49400
1605199496474 0.6921489155374894 49500
1605199502330 0.692433250659719 49600
1605199508356 0.6924122483385764 49700
1605199514482 0.6929117628917354 49800
1605199520511 0.6928187703930911 49900
1605199526434 0.6930094374992214 50000
1605199532370 0.6933617785886824 50100
1605199538216 0.6935961533288758 50200
1605199543688 0.6938430078655661 50300
1605199549485 0.6939281033445076 50400
1605199555313 0.694069406140362 50500
1605199560922 0.6941760627786057 50600
1605199566281 0.6944730350252303 50700
1605199571484 0.6944948018733077 50800
1605199576987 0.6946591417793463 50900
1605199582417 0.694738449200355 51000
1605199587734 0.694908897801916 51100
1605199593186 0.6951981781773517 51200
1605199598518 0.6954686246601605 51300
1605199644956 0.7188448108456151 51400
1605199650904 0.7275342129895572 51500
1605199656732 0.7198311273880965 51600
1605199662488 0.7210292873765752 51700
1605199668142 0.7200088556270808 51800
1605199674004 0.7175956593290475 51900
1605199679913 0.7164132986260017 52000
1605199685771 0.714779202609592 52100
1605199691644 0.7126511780097176 52200
1605199697369 0.7111812681357461 52300
1605199703327 0.7086007638885602 52400
1605199709610 0.7103204463734066 52500
1605199715474 0.710940012832686 52600
1605199720874 0.7108246384069545 52700
1605199726359 0.7100312674780394 52800
1605199732263 0.7099020415087173 52900
1605199737946 0.7094641694637035 53000
1605199743549 0.7096729516714486 53100
1605199749479 0.7095099384125705 53200
1605199755342 0.7094284614255209 53300
1605199761274 0.7099606703323993 53400
1605199767019 0.7106249844134612 53500
1605199772367 0.71077875341003 53600
1605199778340 0.7095048523916957 53700
1605199784612 0.7084915585318531 53800
1605199790240 0.7079890764267066 53900
1605199795798 0.7081076497057414 54000
1605199801190 0.708409191094164 54100
1605199807008 0.7083583463744065 54200
1605199812756 0.7082954379213873 54300
1605199818514 0.7072134960575767 54400
1605199824350 0.7073123126374747 54500
1605199830119 0.7075143467951607 54600
1605199835956 0.7079991654377513 54700
1605199841736 0.7086687558512464 54800
1605199847563 0.7093933444304101 54900
1605199853118 0.709065772061269 55000
1605199858635 0.7087921588790376 55100
1605199864154 0.7089229638460466 55200
1605199870159 0.7090772259641299 55300
1605199876075 0.7093529031277115 55400
1605199882037 0.7096183639563579 55500
1605199887699 0.7098292945959694 55600
1605199893614 0.7105936481124124 55700
1605199899505 0.7108147342785041 55800
1605199905137 0.7106633758742535 55900
1605199910797 0.7109465813081723 56000
1605199916654 0.7111749479767533 56100
1605199922428 0.7108741887224077 56200
1605199928262 0.7106587460647905 56300
1605199933967 0.7107279182206725 56400
1605199939724 0.7108110822349181 56500
1605199945579 0.7104429505324481 56600
1605199951439 0.7109644345041083 56700
1605199957310 0.7110190313743947 56800
1605199963073 0.7112498819412519 56900
1605199968820 0.7109512888396659 57000
1605199974554 0.7112781583225949 57100
1605199980526 0.7111195070619184 57200
1605199986189 0.7110040674552813 57300
1605199991999 0.7111540642778845 57400
1605199997854 0.7110536996595826 57500
1605200003281 0.710806004255642 57600
1605200009009 0.7106301167091235 57700
1605200014979 0.7107915897235599 57800
1605200020927 0.7109016456824159 57900
1605200026878 0.7111043544562434 58000
1605200032692 0.7109765378437025 58100
1605200038766 0.7110483296127469 58200
1605200044790 0.7109790377808195 58300
1605200050607 0.7107315412983803 58400
1605200056289 0.7106308442713047 58500
1605200062050 0.7104257664153748 58600
1605200107436 0.6915056612416128 58700
1605200113376 0.7256002635005021 58800
1605200119205 0.7267970740161891 58900
1605200125105 0.7309608875988731 59000
1605200130788 0.729791182206114 59100
1605200136709 0.7238909394082738 59200
1605200142594 0.7222423683258116 59300
1605200148525 0.7238670216266286 59400
1605200154588 0.7263167149584204 59500
1605200160383 0.7240392677716884 59600
1605200166375 0.7234717953056033 59700
1605200172312 0.7238587702066223 59800
1605200178032 0.7245784132424199 59900
1605200183694 0.7224942183372451 60000
1605200189706 0.7222344692901522 60100
1605200195548 0.7222883815880563 60200
1605200200905 0.7226075326910248 60300
1605200206528 0.7227866249376367 60400
1605200212485 0.7244419293799532 60500
1605200218530 0.7245551713528371 60600
1605200224460 0.7250005978639672 60700
1605200230108 0.7260633535730482 60800
1605200236045 0.7257704288498634 60900
1605200241971 0.7256169851257867 61000
1605200247930 0.7242651821649355 61100
1605200253886 0.7251807794381014 61200
1605200259958 0.7247161031524786 61300
1605200265910 0.7241032290719781 61400
1605200271846 0.7240291244249737 61500
1605200277636 0.7235974009785515 61600
1605200283659 0.7234454848470808 61700
1605200289836 0.7231575825368658 61800
1605200295743 0.7233812680225572 61900
1605200301694 0.7233792472981639 62000
1605200307446 0.7242616668158347 62100
1605200313039 0.7244482870857218 62200
1605200318832 0.7242367071057803 62300
1605200324546 0.7245070777674261 62400
1605200330276 0.7245201020854724 62500
1605200336048 0.7250283214944905 62600
1605200341643 0.7253233750542586 62700
1605200347436 0.725662438162749 62800
1605200353479 0.7253076399696217 62900
1605200359497 0.7248412325129773 63000
1605200365035 0.7246163493171262 63100
1605200371019 0.7241842168349881 63200
1605200376724 0.7244706121992218 63300
1605200382638 0.7241766482693127 63400
1605200388651 0.7246536599947613 63500
1605200394609 0.7249011657429765 63600
1605200400663 0.7251497680154946 63700
1605200406594 0.7258612790484076 63800
1605200412684 0.7256269874661715 63900
1605200418816 0.7265661692644543 64000
1605200424701 0.7263596394714923 64100
1605200430774 0.7261938665916703 64200
1605200436655 0.726897576515218 64300
1605200442154 0.7271642816959225 64400
1605200447974 0.727480170414354 64500
1605200453865 0.7275007360779824 64600
1605200459546 0.7272636297245779 64700
1605200465332 0.727425621254885 64800
1605200470959 0.7272344130901155 64900
1605200476732 0.7273533149534586 65000
1605200482455 0.7271756569314612 65100
1605200488059 0.7272044679157886 65200
1605200493856 0.7278836639633106 65300
1605200499659 0.7279342666780042 65400
1605200505481 0.7273939529962657 65500
1605200511317 0.7273261686136279 65600
1605200517011 0.7276668231597136 65700
1605200522621 0.7278641591619428 65800
1605200528266 0.7280500905965026 65900
1605200574473 0.702723820913685 66000
1605200580289 0.74148681067389 66100
1605200586114 0.7438194242472737 66200
1605200591923 0.7484802074699332 66300
1605200597646 0.7406107114675985 66400
1605200603488 0.7331092559726688 66500
1605200609475 0.7336133916224743 66600
1605200615397 0.7311702159262352 66700
1605200621058 0.7341439575230841 66800
1605200626934 0.7333909053862722 66900
1605200632810 0.7312477053577068 67000
1605200638738 0.7321481101403835 67100
1605200644792 0.7334917199975028 67200
1605200650840 0.7320891829725562 67300
1605200656761 0.7317248986239979 67400
1605200662825 0.7323851542897112 67500
1605200668610 0.7327992364418832 67600
1605200674699 0.7334896205342549 67700
1605200680551 0.733797295862161 67800
1605200686379 0.7344380099197777 67900
1605200692238 0.7354988303879111 68000
1605200698102 0.7366418663044194 68100
1605200704052 0.7366633789515362 68200
1605200709915 0.7368633274086708 68300
1605200715601 0.7372742143801289 68400
1605200721614 0.7372285936391831 68500
1605200727614 0.737368783454287 68600
1605200733603 0.7371286387208972 68700
1605200739517 0.73721079570315 68800
1605200745151 0.7368160271911662 68900
1605200750936 0.7379991298317259 69000
1605200756527 0.7389141424088864 69100
1605200762166 0.7387829720860704 69200
1605200768167 0.739316414416647 69300
1605200773921 0.7394034625618536 69400
1605200779811 0.7394506935580623 69500
1605200785511 0.7397331645473552 69600
1605200791333 0.7394045283380289 69700
1605200797144 0.739232501399732 69800
1605200802882 0.7392874919096025 69900
1605200808564 0.7394065607799702 70000
1605200814177 0.7396483541943609 70100
1605200820008 0.7393715359913123 70200
1605200825918 0.7395708329880689 70300
1605200831819 0.7399025971770267 70400
1605200837338 0.7404591510272808 70500
1605200842754 0.7401469078832573 70600
1605200848615 0.7403359420664781 70700
1605200854542 0.7399427093865938 70800
1605200859868 0.7407689941606568 70900
1605200865007 0.7407746144142758 71000
1605200870630 0.7409807326206124 71100
1605200876652 0.7413349702961664 71200
1605200882764 0.7413306977950669 71300
1605200888790 0.7412731649517375 71400
1605200894841 0.7417368590310794 71500
1605200900912 0.7414509050226699 71600
1605200906907 0.7418166978474335 71700
1605200912901 0.742237295113739 71800
1605200918965 0.7416073926394421 71900
1605200925083 0.7418345188058727 72000
1605200931094 0.7421101342550901 72100
1605200936903 0.7421379996108084 72200
1605200942587 0.741972605071926 72300
1605200948148 0.7424397268062786 72400
1605200953757 0.7422263402796144 72500
1605200959507 0.7425340171625813 72600
1605200965428 0.7425531920241109 72700
1605200971479 0.742256760492239 72800
1605200977409 0.7423990025899737 72900
1605200983297 0.7425708880445187 73000
1605200989323 0.7428950185951846 73100
1605200995321 0.7427052490394974 73200
1605201001320 0.7431594685085566 73300
1605201048448 0.7362090786122502 73400
1605201054149 0.7530211679247247 73500
1605201059958 0.7426057570364961 73600
1605201065888 0.7440016043694759 73700
1605201071851 0.7418559644177516 73800
1605201077905 0.7444367170951065 73900
1605201083889 0.7451184004407897 74000
1605201089877 0.7491406717198427 74100
1605201095846 0.7463304798847605 74200
1605201101677 0.7447838565483351 74300
1605201107670 0.7442490351627236 74400
1605201113709 0.7436464764292576 74500
1605201119721 0.743547877002989 74600
1605201125692 0.7431448569259393 74700
1605201131544 0.7420184259936123 74800
1605201137365 0.7426098976665501 74900
1605201143301 0.7424753548426735 75000
1605201149116 0.7421222058568213 75100
1605201155089 0.7413575123952 75200
1605201161066 0.7409381881753798 75300
1605201166773 0.7422128463288242 75400
1605201172183 0.7425271766062157 75500
1605201177767 0.7422263991229041 75600
1605201183471 0.7431434253710687 75700
1605201189261 0.7433513310616484 75800
1605201195011 0.7448347092560625 75900
1605201200493 0.743623873221277 76000
1605201206026 0.7444593125500371 76100
1605201211960 0.7449952255381024 76200
1605201217918 0.7447672031828579 76300
1605201223260 0.7446472975851754 76400
1605201228370 0.7447541766530521 76500
1605201233971 0.7453095609994485 76600
1605201240003 0.7452710064830377 76700
1605201245607 0.7456686591533668 76800
1605201251639 0.7459879232387283 76900
1605201257644 0.7457917015397953 77000
1605201263688 0.7456073597913179 77100
1605201269593 0.7461643268348546 77200
1605201275512 0.7464521868449557 77300
1605201281259 0.7464916212833212 77400
1605201286945 0.7460821582345851 77500
1605201292683 0.7461980439487306 77600
1605201298485 0.7466232943196157 77700
1605201304404 0.7465127497534617 77800
1605201310191 0.7469431064392404 77900
1605201316108 0.746672248957106 78000
1605201322072 0.7470007758305186 78100
1605201327793 0.7474666842419366 78200
1605201333492 0.7476152860023497 78300
1605201339244 0.7474586342769939 78400
1605201344979 0.7472732670366835 78500
1605201350898 0.7473286871249977 78600
1605201356819 0.7474385096315651 78700
1605201362606 0.7476411739115171 78800
1605201368526 0.7475470820838903 78900
1605201374518 0.7477178808127385 79000
1605201380404 0.7479725155913163 79100
1605201386280 0.7480031839459482 79200
1605201392157 0.7480017548766476 79300
1605201398112 0.7482707684012357 79400
1605201404108 0.7480790069301564 79500
1605201410133 0.7483238115465131 79600
1605201416029 0.7486860303136845 79700
1605201421934 0.7487659201415416 79800
1605201427872 0.7489394916606822 79900
1605201433961 0.7490184308015464 80000
1605201439754 0.7492302750190131 80100
1605201445776 0.7493208100185931 80200
1605201451647 0.7492462863153535 80300
1605201457453 0.7496138119192769 80400
1605201462984 0.7497619428462439 80500
1605201468554 0.7498903598629839 80600
1605201513989 0.7649486060336174 80700
1605201519418 0.7567676325711347 80800
1605201524658 0.7546246638978902 80900
1605201530229 0.7585543873772715 81000
1605201535905 0.7601750842802053 81100
1605201541508 0.7583645797208357 81200
1605201547430 0.758380811921822 81300
1605201553436 0.7585042837515678 81400
1605201559552 0.7609253039653723 81500
1605201565632 0.7597998666890053 81600
1605201571769 0.7600705968357372 81700
1605201577735 0.7605253553767778 81800
1605201583559 0.7586527376228277 81900
1605201589339 0.7587064518334318 82000
1605201595312 0.7586884407149188 82100
1605201601093 0.7600925625146636 82200
1605201606930 0.7588685308086681 82300
1605201612733 0.7590957115160973 82400
1605201618535 0.7588376326733651 82500
1605201624585 0.7589774881975622 82600
1605201630358 0.7570935263923358 82700
1605201635904 0.7575131580896968 82800
1605201641550 0.7567994808987201 82900
1605201647118 0.757579166204664 83000
1605201652920 0.7573782209769337 83100
1605201658871 0.756347645969488 83200
1605201664840 0.7563133763473094 83300
1605201670782 0.7560502328680905 83400
1605201676606 0.7564663267388448 83500
1605201682166 0.757106075713365 83600
1605201687700 0.7574227016365924 83700
1605201693675 0.7579972014750025 83800
1605201699707 0.757660653653321 83900
1605201705765 0.7576473484950169 84000
1605201711191 0.7582281982338916 84100
1605201717031 0.7583879663086005 84200
1605201722758 0.7577388125005887 84300
1605201728679 0.7581471230264691 84400
1605201734408 0.7585790041440998 84500
1605201740371 0.7584464728453781 84600
1605201746256 0.7586832256874879 84700
1605201752180 0.75864446562329 84800
1605201757840 0.7596891717085498 84900
1605201763511 0.7594665667649149 85000
1605201769499 0.7590553826770926 85100
1605201775511 0.7591043689898728 85200
1605201781423 0.7593489545326844 85300
1605201787270 0.7594676299669304 85400
1605201793114 0.7591814955670576 85500
1605201798991 0.7592490356241347 85600
1605201804961 0.759014620074357 85700
1605201811062 0.7586642679168414 85800
1605201817231 0.7583474140488683 85900
1605201823362 0.7580159529774195 86000
1605201829381 0.7580502555441514 86100
1605201835373 0.7581250328749288 86200
1605201841437 0.7580465069732237 86300
1605201847396 0.757917583012752 86400
1605201853394 0.7583194152543855 86500
1605201859266 0.7582785254568819 86600
1605201865197 0.7582480949556356 86700
1605201871258 0.7583845141392371 86800
1605201877080 0.7584674218141652 86900
1605201883031 0.7586706336917545 87000
1605201889046 0.7585394274869391 87100
1605201895111 0.7585750872687921 87200
1605201901095 0.758967002223629 87300
1605201907129 0.7585012789810135 87400
1605201913052 0.7586756759091763 87500
1605201918800 0.7585027687856286 87600
1605201924214 0.7586150104536162 87700
1605201929803 0.7588269183224539 87800
1605201935363 0.7588202597367139 87900
1605201981230 0.747780750522686 88000
1605201987033 0.7498884973302509 88100
1605201992921 0.7647187400901388 88200
1605201998681 0.7657660639477941 88300
1605202004100 0.7688339498482015 88400
1605202009847 0.7695941680334191 88500
1605202015975 0.7650259524538892 88600
1605202021860 0.7628514980205366 88700
1605202027873 0.7624655886969133 88800
1605202033920 0.7625450073805176 88900
1605202039856 0.7644784622589371 89000
1605202045740 0.7636858641486602 89100
1605202051642 0.7635038124720916 89200
1605202057528 0.7627307829551965 89300
1605202063250 0.7639029372126497 89400
1605202069423 0.7643123321214997 89500
1605202075008 0.762165141474934 89600
1605202080985 0.7615689266465885 89700
1605202086874 0.761630396258876 89800
1605202092654 0.7604873354287317 89900
1605202098338 0.7589922521518199 90000
1605202104245 0.7606399327029318 90100
1605202110205 0.7599873381882903 90200
1605202116075 0.7589936793690703 90300
1605202121871 0.758920549483802 90400
1605202127902 0.7597750176603346 90500
1605202133899 0.7593635728316207 90600
1605202139895 0.7603942525016728 90700
1605202145842 0.760978765327827 90800
1605202151851 0.7612468440453866 90900
1605202157795 0.761569791288909 91000
1605202163483 0.7612494625054562 91100
1605202168565 0.761412784178433 91200
1605202173624 0.7620853249423779 91300
1605202179349 0.7630169800701381 91400
1605202184773 0.7629214134662676 91500
1605202190430 0.7625907940977863 91600
1605202196255 0.7630123096340373 91700
1605202202136 0.7633045835894678 91800
1605202207809 0.7635782008046381 91900
1605202213573 0.7629154779778266 92000
1605202218957 0.7629649806810453 92100
1605202224610 0.7633033174346918 92200
1605202230148 0.7635770012913295 92300
1605202236239 0.7638513115548662 92400
1605202242292 0.7640430505965038 92500
1605202247762 0.7642826321235315 92600
1605202253663 0.7644011136606973 92700
1605202259713 0.7642381790296787 92800
1605202265573 0.7643756921918052 92900
1605202271536 0.7644737149767448 93000
1605202277568 0.7648381431031839 93100
1605202283473 0.7644928820802441 93200
1605202289503 0.7644160828494561 93300
1605202295471 0.7647531916061572 93400
1605202301519 0.7646799320409758 93500
1605202307429 0.7647388665978377 93600
1605202313324 0.764639205173298 93700
1605202319288 0.7648025243772405 93800
1605202325260 0.7648753324975134 93900
1605202331022 0.7647689606116572 94000
1605202337071 0.7648842851390233 94100
1605202343137 0.7646376666989179 94200
1605202349261 0.765175321782747 94300
1605202355398 0.764972458619131 94400
1605202361293 0.765539308716623 94500
1605202367195 0.7657840842209477 94600
1605202373119 0.7654867024750007 94700
1605202379055 0.7655157825713175 94800
1605202385097 0.7660801036440444 94900
1605202391097 0.7659910716223994 95000
1605202397123 0.7657994963735295 95100
1605202403086 0.7658259221127379 95200
1605202408978 0.7661173463582618 95300
1605202455002 0.7954520681500905 95400
1605202460757 0.7777249410516966 95500
1605202466669 0.7685104556430675 95600
1605202472586 0.7625921322026603 95700
1605202478583 0.7576061269480212 95800
1605202484589 0.7634551710198731 95900
1605202490247 0.7633954074342572 96000
1605202495413 0.7664003949292619 96100
1605202500619 0.7657631929847575 96200
1605202506184 0.766069254650797 96300
1605202511786 0.7683920220480067 96400
1605202517489 0.770450711875321 96500
1605202523257 0.7690881897847938 96600
1605202529181 0.7688068428241317 96700
1605202535130 0.7669883310430876 96800
1605202540829 0.7680899778772073 96900
1605202546700 0.7688432243364967 97000
1605202552610 0.7696525070202054 97100
1605202558238 0.7697426802039707 97200
1605202564085 0.7695711851797595 97300
1605202569888 0.7705381795388451 97400
1605202575829 0.7713012826002081 97500
1605202581789 0.7712677352443476 97600
1605202587769 0.7710636263733933 97700
1605202593608 0.7715833117250205 97800
1605202599370 0.7725827412251285 97900
1605202604905 0.77233565655048 98000
1605202610805 0.7724657820310571 98100
1605202616760 0.7736901429511797 98200
1605202622764 0.7731915256477744 98300
1605202628733 0.7737858526384056 98400
1605202634444 0.7733637333997859 98500
1605202639933 0.7730856421435738 98600
1605202645152 0.7733671559040192 98700
1605202650949 0.7743322677625957 98800
1605202656713 0.7740786864207158 98900
1605202662487 0.7740836713813124 99000
1605202668343 0.7744927443158165 99100
1605202674266 0.7745099208583865 99200
1605202680312 0.7739206800877348 99300
1605202686330 0.7742258482073692 99400
1605202691806 0.7742147283378016 99500
1605202697383 0.7744571136922982 99600
1605202702848 0.7744397148468172 99700
1605202708786 0.7743109831275861 99800
1605202714824 0.7739650622793308 99900
1605202720951 0.774502896594883 100000
1605202727099 0.7741224594288448 100100
1605202733226 0.7744186101612287 100200
1605202739156 0.7742133689702662 100300
1605202744962 0.7739008619620863 100400
1605202750629 0.7737087540649825 100500
1605202756454 0.7740343342266435 100600
1605202762434 0.774532830199101 100700
1605202768558 0.7747702721282124 100800
1605202774357 0.7751411352048716 100900
1605202780218 0.7751492097099831 101000
1605202786020 0.7750724384402533 101100
1605202791861 0.775296169520981 101200
1605202797526 0.775066485861596 101300
1605202803454 0.7747378361107977 101400
1605202809476 0.7746129902946224 101500
1605202815659 0.774575842733006 101600
1605202821647 0.7748628637731487 101700
1605202827649 0.7747340116737269 101800
1605202833647 0.7748392367602552 101900
1605202839642 0.7751671465975932 102000
1605202845407 0.7751333648368895 102100
1605202851376 0.7748123988362374 102200
1605202857454 0.7750591497144522 102300
1605202863504 0.7749430641117996 102400
1605202869464 0.7751402096073312 102500
1605202875382 0.7748971122824249 102600
1605202922072 0.7558871454500664 102700
1605202928073 0.7766860902523174 102800
1605202934060 0.7797942479567256 102900
1605202939935 0.7767360099966377 103000
1605202945898 0.7759406658886269 103100
1605202951944 0.7724684439033183 103200
1605202957969 0.7757311581410122 103300
1605202963849 0.7758030933296278 103400
1605202969716 0.7774543759169428 103500
1605202975543 0.773556630653871 103600
1605202981156 0.7742881226089505 103700
1605202986978 0.7761430749097783 103800
1605202992693 0.7760535638020907 103900
1605202998557 0.7749963634769665 104000
1605203004549 0.7763841371502648 104100
1605203010228 0.776639195855547 104200
1605203016079 0.77610516266653 104300
1605203021966 0.7773589060016224 104400
1605203027984 0.7789404935528039 104500
1605203034020 0.777978096698995 104600
1605203039764 0.7786330300414858 104700
1605203045806 0.7788669379180919 104800
1605203051891 0.777952361932947 104900
1605203057910 0.7778135748096775 105000
1605203063967 0.7772219599989374 105100
1605203070076 0.7760049646489942 105200
1605203076059 0.7760093737880581 105300
1605203082103 0.7761806842762311 105400
1605203087935 0.7765955552964561 105500
1605203093819 0.7769120671696752 105600
1605203099630 0.7777113272768574 105700
1605203105324 0.7778902848623245 105800
1605203111388 0.7784227994764903 105900
1605203117338 0.7785356256810927 106000
1605203123266 0.7794616254347496 106100
1605203129085 0.7785966234776925 106200
1605203134884 0.7792859336213861 106300
1605203140665 0.7794637459697643 106400
1605203145702 0.779971786993156 106500
1605203151466 0.7800720862430829 106600
1605203157316 0.7806677084601413 106700
1605203163166 0.7801934118990282 106800
1605203168967 0.7799291077905224 106900
1605203174886 0.7792391691116104 107000
1605203180733 0.7792407394606327 107100
1605203186534 0.7790925039859065 107200
1605203192639 0.7788374332967642 107300
1605203198714 0.7791548557251614 107400
1605203204711 0.7795301238822525 107500
1605203210713 0.7796573186656086 107600
1605203216766 0.7799140134082281 107700
1605203222916 0.7798183063697283 107800
1605203228739 0.7793509052789772 107900
1605203234389 0.7800915774393952 108000
1605203240314 0.7802843327044221 108100
1605203246308 0.7797852258571242 108200
1605203252411 0.7797404051358756 108300
1605203258562 0.7798610661731695 108400
1605203264599 0.7794075139127143 108500
1605203270478 0.779809502134706 108600
1605203276422 0.780282243828937 108700
1605203282245 0.7801216819251865 108800
1605203288204 0.7799497294619406 108900
1605203294116 0.7801872934747903 109000
1605203300037 0.7802958316837187 109100
1605203305950 0.7798631008343343 109200
1605203311864 0.7797983327782662 109300
1605203317555 0.77998824499864 109400
1605203323306 0.7801571346168107 109500
1605203329059 0.7802163273147313 109600
1605203335051 0.7799547415822188 109700
1605203341155 0.7799290799490113 109800
1605203347147 0.7801781077925115 109900
1605203393205 0.764486541976023 110000
1605203399036 0.7888743509295126 110100
1605203404759 0.7847389147360726 110200
1605203410542 0.783718392200625 110300
1605203416307 0.7810338810200028 110400
1605203422040 0.7851868584059142 110500
1605203427643 0.7815393107668638 110600
1605203433531 0.7807789622306668 110700
1605203439466 0.7805466215650578 110800
1605203445379 0.7812002288187238 110900
1605203451336 0.7840320941569425 111000
1605203457283 0.7803846284356124 111100
1605203463374 0.7823249335513124 111200
1605203469516 0.7818845068659941 111300
1605203475273 0.7819622577072168 111400
1605203481268 0.7811442269966143 111500
1605203487004 0.7817762467982237 111600
1605203492908 0.7816996822818165 111700
1605203498919 0.7828208114712223 111800
1605203504600 0.7836485238652426 111900
1605203510335 0.7845227545211528 112000
1605203516056 0.783382624873783 112100
1605203521704 0.7838914467216103 112200
1605203527532 0.7839706879868806 112300
1605203533281 0.783440389018799 112400
1605203539074 0.7830580944117838 112500
1605203545011 0.7833974116734285 112600
1605203550728 0.7827506265757078 112700
1605203556525 0.7828690116482633 112800
1605203562331 0.7832851904271444 112900
1605203567968 0.7837362815529143 113000
1605203573524 0.7831027688917144 113100
1605203579334 0.7835115454385309 113200
1605203584980 0.7830835732813408 113300
1605203590682 0.7837809295421196 113400
1605203596492 0.783417147629477 113500
1605203602395 0.7829788259015867 113600
1605203608181 0.7835326938821051 113700
1605203613862 0.7843852029239267 113800
1605203619676 0.7846708326845876 113900
1605203625794 0.7843322378784245 114000
1605203631718 0.7836911515826959 114100
1605203637627 0.7832740538523711 114200
1605203643338 0.7830416871057708 114300
1605203649181 0.7832975542953371 114400
1605203654974 0.7835894935233292 114500
1605203660700 0.7838604983128965 114600
1605203666321 0.7837902071376467 114700
1605203672039 0.7839180084632364 114800
1605203677897 0.78389991405473 114900
1605203683619 0.7833828320228754 115000
1605203689533 0.7837498769014296 115100
1605203695167 0.7840057192121688 115200
1605203700626 0.7840043081039109 115300
1605203706628 0.7841357145099603 115400
1605203712322 0.7843828353106623 115500
1605203717946 0.784800393726851 115600
1605203723688 0.7848524402233253 115700
1605203729625 0.7856563519873914 115800
1605203735546 0.7858213020932251 115900
1605203741450 0.7859666708572932 116000
1605203747114 0.7860712477269148 116100
1605203753018 0.7858944377777528 116200
1605203759027 0.785992694935317 116300
1605203764783 0.7863159099773346 116400
1605203770600 0.7863115332838257 116500
1605203775911 0.78601944732557 116600
1605203781069 0.7857614518538514 116700
1605203786542 0.785612350381227 116800
1605203791964 0.7852144611602604 116900
1605203797619 0.7852861158813682 117000
1605203803536 0.7850692342827055 117100
1605203809354 0.7851826487948654 117200
1605203854853 0.7154761904761905 117300
1605203860526 0.8078930836462568 117400
1605203865845 0.7855386119749855 117500
1605203871602 0.7871449789270847 117600
1605203877537 0.7876923138258445 117700
1605203883223 0.7925854525287259 117800
1605203888967 0.7912692474005241 117900
1605203894691 0.7916910476187311 118000
1605203900466 0.7908697145397132 118100
1605203906171 0.7895064413035003 118200
1605203911858 0.787379594915396 118300
1605203917155 0.7877412118061031 118400
1605203922904 0.7862490579257915 118500
1605203928674 0.7855871961967613 118600
1605203934318 0.786589599847894 118700
1605203939968 0.7871438418718802 118800
1605203945862 0.7870909634968899 118900
1605203951757 0.7867952104466857 119000
1605203957650 0.7862834696118133 119100
1605203962966 0.7869468370016127 119200
1605203968706 0.7857868112710366 119300
1605203974609 0.7854543683434312 119400
1605203980350 0.7859405142111401 119500
1605203986103 0.786131165789208 119600
1605203991845 0.7863171609279125 119700
1605203997781 0.7859092401775167 119800
1605204003602 0.7855748253415716 119900
1605204008862 0.7854568129904443 120000
1605204014839 0.785435547956722 120100
1605204020739 0.7860659784729542 120200
1605204026418 0.7863539755167526 120300
1605204032477 0.7858351715022429 120400
1605204038604 0.785665715166148 120500
1605204044675 0.7860860703294847 120600
1605204050707 0.7865009958870361 120700
1605204056512 0.7866372351352007 120800
1605204062378 0.7867156506708334 120900
1605204068270 0.7869359213096546 121000
1605204074179 0.7872216171599395 121100
1605204080123 0.7876590062380122 121200
1605204085918 0.7884233932289194 121300
1605204091691 0.7883437911503789 121400
1605204097183 0.7884893271229972 121500
1605204102897 0.7887693613941493 121600
1605204108124 0.7886086592231746 121700
1605204114149 0.7880533742349559 121800
1605204120050 0.7877570980972557 121900
1605204125680 0.7880432183257081 122000
1605204131371 0.7882271107099998 122100
1605204137129 0.7881006991355044 122200
1605204142874 0.7881589505399684 122300
1605204148667 0.7880974695994214 122400
1605204154469 0.7880245103178953 122500
1605204160269 0.7881731211077819 122600
1605204166151 0.7880943909944241 122700
1605204172163 0.7881887443408659 122800
1605204178126 0.7881061079187806 122900
1605204184003 0.7884064554353074 123000
1605204189879 0.7880711361582263 123100
1605204195662 0.7878300275828497 123200
1605204201408 0.7878640764240279 123300
1605204207072 0.7881499889940329 123400
1605204212945 0.788101045405438 123500
1605204218875 0.7879248719646895 123600
1605204224840 0.7878970244514758 123700
1605204230887 0.7879500963244823 123800
1605204236782 0.7881070053683207 123900
1605204242845 0.7882045559734687 124000
1605204248819 0.7881721199860687 124100
1605204254529 0.7882479098424993 124200
1605204260620 0.7881707097683502 124300
1605204266703 0.7879492504518348 124400
1605204272765 0.7880451131289594 124500
1605204278679 0.7884584112485162 124600
1605204324333 0.7549238689037618 124700
1605204330079 0.7791825245057895 124800
1605204335965 0.7818695033384945 124900
1605204342013 0.7848524361510198 125000
1605204347779 0.7869695278006411 125100
1605204353700 0.7902568696190106 125200
1605204359731 0.7899782049117863 125300
1605204365656 0.788363698404222 125400
1605204371514 0.7885731801890017 125500
1605204377524 0.7883221376831406 125600
1605204383604 0.788527488652411 125700
1605204389638 0.7860114218468048 125800
1605204395632 0.7868929277896668 125900
1605204401636 0.7891331468819364 126000
1605204407781 0.7898943298033021 126100
1605204413843 0.7904965141790757 126200
1605204419758 0.7901572302001102 126300
1605204425771 0.7907572084306456 126400
1605204431725 0.7913427868032554 126500
1605204437869 0.7922299779532267 126600
1605204443706 0.7930308977456244 126700
1605204449617 0.7928328666136084 126800
1605204455550 0.7930145766626735 126900
1605204461565 0.7927249645596572 127000
1605204467410 0.7930845674330564 127100
1605204473242 0.7936182297543025 127200
1605204479236 0.7937454574636768 127300
1605204485295 0.793327024393091 127400
1605204491149 0.7938992323007501 127500
1605204497217 0.7938689182577927 127600
1605204503393 0.7923148176264936 127700
1605204509388 0.7919901878721599 127800
1605204515405 0.7927678097404097 127900
1605204521529 0.7929650002455196 128000
1605204527574 0.7928419809105909 128100
1605204533572 0.792856535856149 128200
1605204539414 0.792651364233227 128300
1605204545366 0.7926024254241267 128400
1605204551250 0.7928829894013731 128500
1605204556986 0.7931243574697528 128600
1605204563090 0.7931060560158658 128700
1605204569254 0.793078894827517 128800
1605204575128 0.7925422459390493 128900
1605204581009 0.7933542721992467 129000
1605204586766 0.7936977206269079 129100
1605204592875 0.7936816645510394 129200
1605204598892 0.7938474237313299 129300
1605204604752 0.7941083763689929 129400
1605204610674 0.7942117675211101 129500
1605204616642 0.793867707353465 129600
1605204622711 0.7936737312156051 129700
1605204628586 0.793546852258461 129800
1605204634174 0.7934107028916916 129900
1605204640070 0.7933252390302533 130000
1605204645913 0.7930640491666331 130100
1605204651927 0.7929114148554863 130200
1605204657850 0.7926383362086428 130300
1605204663826 0.7929421865261516 130400
1605204669838 0.7927697086862726 130500
1605204675877 0.793058061059666 130600
1605204681703 0.7934968159890987 130700
1605204687644 0.7938982294271624 130800
1605204693735 0.7939123945901854 130900
1605204699796 0.7942976829712842 131000
1605204705459 0.7944943334472176 131100
1605204711242 0.7938801016869533 131200
1605204717043 0.793994910167853 131300
1605204722937 0.7936272345900468 131400
1605204728711 0.7936815894251735 131500
1605204734450 0.7939451445587631 131600
1605204740380 0.7940682967427172 131700
1605204746456 0.7941144354059393 131800
1605204752355 0.7940521508188592 131900
1605204799569 0.8136970723446701 132000
1605204805428 0.7958010167051228 132100
1605204811297 0.7966497688571061 132200
1605204817320 0.7974324976013738 132300
1605204823229 0.7970794079445881 132400
1605204828993 0.7945078079364988 132500
1605204834813 0.7950248636877846 132600
1605204840595 0.7952450844830714 132700
1605204846510 0.7983906275402735 132800
1605204851680 0.8018425074830929 132900
1605204856807 0.8010952830081743 133000
1605204862573 0.8003401671251344 133100
1605204868378 0.7995405469144532 133200
1605204874298 0.8001811427145762 133300
1605204879890 0.7999295011205458 133400
1605204885792 0.8007836789435574 133500
1605204891667 0.8001044884690304 133600
1605204897632 0.7989443665161327 133700
1605204903607 0.7995098296257518 133800
1605204909702 0.799349350443744 133900
1605204915731 0.7996194225981887 134000
1605204921802 0.7981663566577533 134100
1605204927591 0.7982511037118382 134200
1605204933482 0.7980343026356099 134300
1605204939201 0.7983605508422313 134400
1605204945035 0.7989267712634268 134500
1605204950953 0.7999697993089353 134600
1605204956793 0.7995211519944105 134700
1605204962552 0.7992766980581927 134800
1605204968350 0.799489525893953 134900
1605204973980 0.7994165306528677 135000
1605204979621 0.8001982517674481 135100
1605204985370 0.7998830893896451 135200
1605204991393 0.7997175147571876 135300
1605204997328 0.7997720603959239 135400
1605205003082 0.799569360084565 135500
1605205008904 0.7988762961741955 135600
1605205014735 0.7986180515466075 135700
1605205020511 0.7980470616623565 135800
1605205026365 0.7980357450427867 135900
1605205032239 0.7977164210654835 136000
1605205038114 0.7977044292988154 136100
1605205044127 0.7975917001154149 136200
1605205050147 0.7976695986428693 136300
1605205056238 0.7977927842805025 136400
1605205062269 0.7982628112762559 136500
1605205068216 0.7973307151397899 136600
1605205074183 0.7974823381202087 136700
1605205080238 0.797797471042086 136800
1605205086209 0.7978840841709576 136900
1605205092022 0.7977977189977847 137000
1605205097770 0.7980131270344346 137100
1605205103599 0.7976631218791036 137200
1605205109371 0.7975449413316027 137300
1605205115019 0.7975114011676634 137400
1605205120463 0.7975881629215873 137500
1605205126294 0.7973577510789698 137600
1605205132108 0.7976363240093833 137700
1605205137971 0.7980521654408673 137800
1605205143962 0.7982725493336102 137900
1605205149665 0.7988576490228393 138000
1605205154927 0.7988462208264003 138100
1605205160244 0.7989607904948222 138200
1605205165848 0.7986287959792214 138300
1605205171770 0.7985031761662043 138400
1605205177851 0.7983995302433913 138500
1605205183329 0.7982431019201612 138600
1605205189266 0.7979110811718533 138700
1605205195225 0.797631665775498 138800
1605205201316 0.7974641479692195 138900
1605205207256 0.7977168725590397 139000
1605205213063 0.7978450013116318 139100
1605205218351 0.7980630519227627 139200
1605205264809 0.6863628038628039 139300
1605205270472 0.7980947231157904 139400
1605205276114 0.7930932995623498 139500
1605205281765 0.7945753054641527 139600
1605205287255 0.7873054291453119 139700
1605205292984 0.7896226441488987 139800
1605205299040 0.7935732406984509 139900
1605205305281 0.7960248699973475 140000
1605205311133 0.7937471573933395 140100
1605205316923 0.7945498308924936 140200
1605205322743 0.7959215893511165 140300
1605205328569 0.7967710827370975 140400
1605205334394 0.7959948131157467 140500
1605205340146 0.7953591472817853 140600
1605205346097 0.7952935471419895 140700
1605205351832 0.7947096559750846 140800
1605205357569 0.7944379981091719 140900
1605205363184 0.7941256290787368 141000
1605205369033 0.7943548937462552 141100
1605205374931 0.7955765173569704 141200
1605205380600 0.7955879166584352 141300
1605205386523 0.7952914310213541 141400
1605205391911 0.7952521933030532 141500
1605205397323 0.7963001752713637 141600
1605205402452 0.7965589065022286 141700
1605205407654 0.7954214596113964 141800
1605205412952 0.7954371044592231 141900
1605205418284 0.7951212729381594 142000
1605205423857 0.7953499588272693 142100
1605205429732 0.7937480174867256 142200
1605205435655 0.7941207860186068 142300
1605205441576 0.7940036376977334 142400
1605205447536 0.794272903965704 142500
1605205453541 0.7941310461013337 142600
1605205459307 0.7941400867510949 142700
1605205465150 0.7949264148409039 142800
1605205470897 0.7953074715870848 142900
1605205476461 0.7958318549347763 143000
1605205482048 0.7960247897640685 143100
1605205487783 0.7963725959947483 143200
1605205493595 0.7965015340036574 143300
1605205499494 0.7972084243174021 143400
1605205505402 0.7977102342264503 143500
1605205511140 0.7977245756837913 143600
1605205516996 0.7978152278081984 143700
1605205522946 0.7971920611125908 143800
1605205528900 0.7969083370017519 143900
1605205534800 0.7973311522553566 144000
1605205540707 0.797127016615235 144100
1605205546586 0.797289846030857 144200
1605205552577 0.7970895245987175 144300
1605205557758 0.797172759285882 144400
1605205563632 0.7965945868335174 144500
1605205569735 0.7962576407256082 144600
1605205575709 0.7964131899511859 144700
1605205581863 0.7966370728913883 144800
1605205587877 0.796808195522614 144900
1605205593896 0.7969417318721825 145000
1605205599764 0.7968571553798035 145100
1605205605356 0.7971907091635441 145200
1605205610966 0.797683362795583 145300
1605205616646 0.7973455556444762 145400
1605205622244 0.7973550732868213 145500
1605205627785 0.7971350227546213 145600
1605205633167 0.797397164172705 145700
1605205638614 0.7974382766462592 145800
1605205644056 0.7977550725109136 145900
1605205649730 0.7978262660690436 146000
1605205655202 0.7980230652538637 146100
1605205660986 0.7982786248240773 146200
1605205666779 0.7982959725166044 146300
1605205672439 0.7985013302276633 146400
1605205678170 0.798500341467213 146500
1605205684064 0.7986341923085909 146600
