1605127172450 0.0 0
1605127195205 0.01091421515057426 100
1605127218541 0.00986507387715847 200
1605127241001 0.008093223891643343 300
1605127263511 0.007421209236741401 400
1605127286263 0.03017924967878737 500
1605127309029 0.02680260808787607 600
1605127331619 0.01271390369939193 700
1605127354544 0.010863751626730046 800
1605127377308 0.010780758475375943 900
1605127399784 0.03304790827460706 1000
1605127421841 0.01594619985924672 1100
1605127444011 0.021635553216764872 1200
1605127466493 0.01824800897711192 1300
1605127488996 0.0175365303927788 1400
1605127512392 0.0401534920479727 1500
1605127534854 0.01898963701218996 1600
1605127557647 0.02086914122262979 1700
1605127580218 0.021886594711853755 1800
1605127602352 0.022907591123434882 1900
1605127624746 0.024144866245789404 2000
1605127646946 0.027683127388440806 2100
1605127669092 0.030463049045318647 2200
1605127691129 0.030713258195045102 2300
1605127713679 0.031143160067750714 2400
1605127735776 0.032222708766626466 2500
1605127757748 0.045473127794803954 2600
1605127779837 0.045999823726010934 2700
1605127801910 0.04599199369291391 2800
1605127823902 0.04570169193343283 2900
1605127845889 0.04819598730372893 3000
1605127867879 0.05797454048993576 3100
1605127889872 0.061658827610101566 3200
1605127911800 0.06341297981861087 3300
1605127989033 0.08358533050017859 3400
1605128011172 0.08597761899468652 3500
1605128033150 0.08584275937699007 3600
1605128055117 0.10221889881256938 3700
1605128077072 0.10451215987579572 3800
1605128099059 0.12214807188784117 3900
1605128121045 0.1359146260802837 4000
1605128143049 0.14158966520658792 4100
1605128165072 0.14027098484900935 4200
1605128187082 0.12634383197171845 4300
1605128209117 0.12377232969093174 4400
1605128231144 0.12540721030441437 4500
1605128253160 0.1280346476136528 4600
1605128275194 0.12954658306669786 4700
1605128297236 0.13342475219522823 4800
1605128319268 0.13517359707478369 4900
1605128341348 0.14011848042923306 5000
1605128363473 0.13799564024509856 5100
1605128385493 0.14103249179099178 5200
1605128407519 0.1409920804064757 5300
1605128429548 0.1456466306886337 5400
1605128451585 0.14785582599481725 5500
1605128473627 0.148486077386618 5600
1605128495675 0.15069323286790434 5700
1605128517724 0.1540045741100028 5800
1605128539762 0.15625955263426142 5900
1605128561783 0.1578882789132554 6000
1605128583855 0.15881507388021668 6100
1605128605881 0.16025639185152676 6200
1605128627916 0.16210006407918878 6300
1605128649941 0.1632855423302664 6400
1605128671961 0.1642005993055474 6500
1605128693998 0.16484979359083163 6600
1605128771254 0.17851851851851852 6700
1605128793331 0.18477110783488346 6800
1605128815421 0.19678178508864205 6900
1605128837509 0.20638517630719116 7000
1605128860222 0.2121191901738304 7100
1605128882943 0.21264212712572444 7200
1605128905110 0.21310803808003406 7300
1605128927297 0.21899560587349218 7400
1605128949434 0.22813782545025074 7500
1605128971550 0.2286628057874943 7600
1605128993680 0.2238583414475323 7700
1605129015799 0.2251036750668533 7800
1605129038229 0.22453457580846073 7900
1605129061132 0.2274477630406791 8000
1605129083676 0.22721542530756714 8100
1605129106803 0.23113489394359332 8200
1605129129432 0.228857477025009 8300
1605129153411 0.23261390219327754 8400
1605129177499 0.2345825047092528 8500
1605129201269 0.23555611047139072 8600
1605129223970 0.2367588096572786 8700
1605129247721 0.23898785751101043 8800
1605129271693 0.24075790268744748 8900
1605129294910 0.241494831062036 9000
1605129317339 0.24271977079348328 9100
1605129339460 0.24530711734128458 9200
1605129361569 0.24585995644666617 9300
1605129383702 0.24631946072608343 9400
1605129405847 0.2454065855723393 9500
1605129427987 0.2460991508101521 9600
1605129450118 0.24750710003081064 9700
1605129472237 0.24876484696744774 9800
1605129494355 0.24964313214200473 9900
1605129516474 0.2504924111471183 10000
1605129594288 0.3320605234291766 10100
1605129616369 0.27736325945976703 10200
1605129638407 0.2791826855124347 10300
1605129660473 0.28365607219750566 10400
1605129682551 0.2814345648426821 10500
1605129704610 0.28042198799221657 10600
1605129726674 0.28019977376369554 10700
1605129748870 0.28377390654422624 10800
1605129770923 0.2849838016830205 10900
1605129793008 0.28776278882462974 11000
1605129815088 0.2883354620526746 11100
1605129837376 0.28956883826150154 11200
1605129859422 0.2917547693519145 11300
1605129881449 0.29144198626297796 11400
1605129903496 0.2929919119435072 11500
1605129925550 0.2933390531789921 11600
1605129947545 0.2931883496287676 11700
1605129969540 0.2950137234790107 11800
1605129991537 0.2960183975251855 11900
1605130013544 0.29717430415128293 12000
1605130035541 0.2989863638752302 12100
1605130057519 0.29900209465237043 12200
1605130079512 0.2992620585450894 12300
1605130101517 0.30025732352404866 12400
1605130123517 0.30221066319911866 12500
1605130145514 0.30251920227009965 12600
1605130167506 0.30304890704058496 12700
1605130189500 0.30398237416515617 12800
1605130211483 0.3045987095058638 12900
1605130233495 0.3055343928870119 13000
1605130255498 0.3069058848403317 13100
1605130277499 0.30638835585225194 13200
1605130299507 0.30650703593554207 13300
1605130376223 0.22518518518518518 13400
1605130398175 0.30084132868777297 13500
1605130420119 0.30973634788670196 13600
1605130442058 0.3105849871892316 13700
1605130463994 0.32032256321648517 13800
1605130485958 0.32914579242476927 13900
1605130507935 0.3225752620934973 14000
1605130529917 0.32089766575497836 14100
1605130551901 0.32481795536222036 14200
1605130573899 0.3243928640153744 14300
1605130595874 0.3258658181107378 14400
1605130617843 0.3265951029114006 14500
1605130639819 0.3286795451183449 14600
1605130661810 0.32829397136358607 14700
1605130683741 0.3284724041095676 14800
1605130705680 0.32921189807001655 14900
1605130727629 0.3282643354970136 15000
1605130749576 0.3296326369695737 15100
1605130771532 0.33101156973500834 15200
1605130793637 0.333543835375009 15300
1605130815634 0.33412130113879024 15400
1605130837605 0.33613621764201673 15500
1605130859567 0.3362651996670259 15600
1605130881496 0.33726570201701117 15700
1605130903460 0.33798886906369885 15800
1605130925445 0.3390116007533687 15900
1605130947381 0.3405780895759984 16000
1605130969401 0.3411916540759752 16100
1605130991418 0.3414077846939714 16200
1605131013352 0.3411049147119931 16300
1605131035377 0.3420932717097934 16400
1605131057357 0.34214959660391553 16500
1605131079339 0.3431250183234103 16600
1605131101306 0.3431953674977168 16700
1605131178217 0.3706140340093294 16800
1605131200085 0.3766376789276965 16900
1605131222026 0.36745283765769343 17000
1605131243960 0.36037780900721056 17100
1605131265895 0.3633286208250575 17200
1605131287860 0.36413135536981955 17300
1605131309819 0.3627985283684659 17400
1605131331764 0.3615711609848144 17500
1605131353710 0.36222447059204416 17600
1605131375656 0.36597663199079505 17700
1605131397600 0.3672073213827858 17800
1605131419542 0.368286840902584 17900
1605131441476 0.36948917534385023 18000
1605131463463 0.3727784159342633 18100
1605131485444 0.37399488581801726 18200
1605131507423 0.3730120094972728 18300
1605131529402 0.37434821964953485 18400
1605131551404 0.3759382534220075 18500
1605131573356 0.37634787244138246 18600
1605131595317 0.37770557617956424 18700
1605131617257 0.37960929685848266 18800
1605131639203 0.3801380883361006 18900
1605131661139 0.3802628868986225 19000
1605131683058 0.37989097957793416 19100
1605131704991 0.38054053873556254 19200
1605131726925 0.3811952480708474 19300
1605131748854 0.38231518488573357 19400
1605131770816 0.38352784881612256 19500
1605131792772 0.3851975847705701 19600
1605131814727 0.3851297874945865 19700
1605131836681 0.3854298956458502 19800
1605131858632 0.3864358220581011 19900
1605131880570 0.38721101492736015 20000
1605131957194 0.39104377104377097 20100
1605131979211 0.41654032829343846 20200
1605132001248 0.40777654008682296 20300
1605132023299 0.4092250597846266 20400
1605132045363 0.40675006742020753 20500
1605132067444 0.40504379193720413 20600
1605132089509 0.3985322203863001 20700
1605132111592 0.40040096765930255 20800
1605132133676 0.4045733393323879 20900
1605132155737 0.4107377353648149 21000
1605132177786 0.41043762150851565 21100
1605132199835 0.41022918368695505 21200
1605132221925 0.41106696662180753 21300
1605132243930 0.41236522362093225 21400
1605132265941 0.4130204354685808 21500
1605132287937 0.4134643246754676 21600
1605132309938 0.41411430205933036 21700
1605132331947 0.4138418602393778 21800
1605132353959 0.4145849073652326 21900
1605132375958 0.41510979606002724 22000
1605132397968 0.41648400158970156 22100
1605132419997 0.4163668295956105 22200
1605132441996 0.41794150106450534 22300
1605132464025 0.41823529171948115 22400
1605132486040 0.41755266631697835 22500
1605132508055 0.41826522599674104 22600
1605132530076 0.4188738674946771 22700
1605132552092 0.4188477157642575 22800
1605132574099 0.41942879848415426 22900
1605132596107 0.4208574898741861 23000
1605132618122 0.4206306425758124 23100
1605132640120 0.4214904103056813 23200
1605132662125 0.4229199122570649 23300
1605132684115 0.42354430131330134 23400
1605132761266 0.4329722236097029 23500
1605132783449 0.44327683493461023 23600
1605132805614 0.44377397039320593 23700
1605132827788 0.43875402569084165 23800
1605132849967 0.4422823577458919 23900
1605132872141 0.4420382011620444 24000
1605132894319 0.4448334368200533 24100
1605132916493 0.4425915728322933 24200
1605132938674 0.44476473616429235 24300
1605132960817 0.44542132440662946 24400
1605132982968 0.44479411481838493 24500
1605133005114 0.4447026530391317 24600
1605133027261 0.44587058485516895 24700
1605133049411 0.4467661741293629 24800
1605133071555 0.4457865838643081 24900
1605133093695 0.44790645811456603 25000
1605133115831 0.44813107412166925 25100
1605133137961 0.4497098260943503 25200
1605133160121 0.44975006042119375 25300
1605133182330 0.44981171663538677 25400
1605133204534 0.4500631690132173 25500
1605133226741 0.45079331274985124 25600
1605133248895 0.45110905979369753 25700
1605133271010 0.4516500982651168 25800
1605133293182 0.45102312103376685 25900
1605133315385 0.4520742830761846 26000
1605133337558 0.4526261175776656 26100
1605133359742 0.45342438902118987 26200
1605133381909 0.4545138192116008 26300
1605133404037 0.4551208443789291 26400
1605133426162 0.45560598214270454 26500
1605133448318 0.45588056330379284 26600
1605133470447 0.4558618587537503 26700
1605133547562 0.5244668911335577 26800
1605133569692 0.4866722805458604 26900
1605133591829 0.46872815599523715 27000
1605133613966 0.4707492791499532 27100
1605133636111 0.4717530946641745 27200
1605133658254 0.47399665737064806 27300
1605133680392 0.4730937875075918 27400
1605133702538 0.4768290320535663 27500
1605133724686 0.474675753990916 27600
1605133746840 0.4724377135573039 27700
1605133769035 0.4743180689508949 27800
1605133791176 0.474172803266406 27900
1605133813321 0.47423372732623553 28000
1605133835467 0.47393603071690243 28100
1605133857620 0.4732472810265593 28200
1605133879788 0.4730872282217652 28300
1605133901940 0.4736469757917705 28400
1605133924081 0.4719934759589379 28500
1605133946251 0.4721669231491855 28600
1605133968441 0.470654504422475 28700
1605133990618 0.47205070409873595 28800
1605134012800 0.4715815607652268 28900
1605134034962 0.47219116260111804 29000
1605134057110 0.47268620945190665 29100
1605134079285 0.47216050108355895 29200
1605134101474 0.4723448091741735 29300
1605134123649 0.4733853701191235 29400
1605134145790 0.4733993154612799 29500
1605134167968 0.4735312075768373 29600
1605134190148 0.47287158654860384 29700
1605134212344 0.472430767523521 29800
1605134234522 0.4732666169640439 29900
1605134256700 0.4746920993346596 30000
1605134278864 0.47492802587902205 30100
1605134356048 0.508440097086468 30200
1605134378182 0.4962951791311781 30300
1605134400272 0.4933717530776506 30400
1605134422367 0.4989411065209278 30500
1605134444448 0.49802707991292916 30600
1605134466600 0.49700319271899307 30700
1605134488751 0.4949151427405515 30800
1605134510837 0.4917566761690578 30900
1605134532936 0.4880503724595938 31000
1605134555024 0.48748766047882564 31100
1605134577122 0.4858179892895434 31200
1605134599227 0.48839299016433907 31300
1605134621312 0.4894350000704171 31400
1605134643402 0.48982124420534373 31500
1605134665500 0.4904680794845349 31600
1605134687598 0.49071211034064594 31700
1605134709679 0.4895204387720097 31800
1605134731783 0.48895012195735965 31900
1605134753863 0.48882120993230416 32000
1605134775970 0.4885080438024672 32100
1605134798113 0.48938205597650924 32200
1605134820201 0.48899554093820374 32300
1605134842263 0.4900919798000564 32400
1605134864360 0.49151797696513605 32500
1605134886483 0.49173261632142445 32600
1605134908613 0.49150296137610044 32700
1605134930731 0.49305991448757236 32800
1605134952782 0.49400494262659694 32900
1605134974838 0.49289117837924584 33000
1605134996904 0.49300613740387944 33100
1605135018982 0.49322034598269765 33200
1605135041054 0.49361237095698185 33300
1605135063111 0.49303916134487796 33400
1605135140448 0.5289618406285073 33500
1605135162620 0.5233728110807397 33600
1605135184775 0.5221111419903194 33700
1605135206945 0.5065071585534748 33800
1605135229116 0.5100611822839164 33900
1605135251288 0.5120897282572122 34000
1605135273443 0.50694964558308 34100
1605135295612 0.507554493683611 34200
1605135317763 0.5076279567050783 34300
1605135339923 0.5086064494347534 34400
1605135362042 0.5108905680370776 34500
1605135384166 0.5101682113434588 34600
1605135406314 0.5104056348350507 34700
1605135428466 0.5090179576406516 34800
1605135450619 0.5081789663843312 34900
1605135472743 0.5089159990762715 35000
1605135494860 0.5083179009751865 35100
1605135516963 0.5090637743778286 35200
1605135539065 0.5086676869138061 35300
1605135561187 0.5097203609471007 35400
1605135583306 0.5100640501675971 35500
1605135605387 0.5104349874588692 35600
1605135627469 0.5117694453349748 35700
1605135649571 0.512485794713633 35800
1605135671703 0.5132268763450458 35900
1605135693796 0.5131863773823995 36000
1605135715928 0.51235846740031 36100
1605135738080 0.5116965969710073 36200
1605135760225 0.5114500795052591 36300
1605135782319 0.5112663773941228 36400
1605135804406 0.5117048246029997 36500
1605135826500 0.5120516392301225 36600
1605135848587 0.512156802832094 36700
1605135870681 0.5109534909898148 36800
1605135947727 0.5064041707060283 36900
1605135969826 0.4974675486707681 37000
1605135991946 0.4938005331519522 37100
1605136014136 0.5071592771377499 37200
1605136036321 0.5077407470324989 37300
1605136058483 0.5112140014434294 37400
1605136080675 0.5119511840551971 37500
1605136102904 0.5180438536168107 37600
1605136125086 0.5165231441258411 37700
1605136147262 0.5204604034288812 37800
1605136169502 0.520960519610263 37900
1605136191716 0.5215264164001672 38000
1605136213926 0.5209799849349275 38100
1605136236128 0.5216170672822359 38200
1605136258316 0.5231213630029568 38300
1605136280529 0.5232323238847312 38400
1605136302722 0.5231217388405963 38500
1605136324892 0.5228009898413947 38600
1605136347036 0.5216315135590854 38700
1605136369208 0.5229739054759808 38800
1605136391395 0.5241859614471311 38900
1605136413572 0.5231958283261456 39000
1605136435689 0.5229690391390447 39100
1605136457817 0.5210776814005614 39200
1605136479925 0.5218980107284118 39300
1605136502012 0.5221353811245386 39400
1605136524126 0.5224874442464913 39500
1605136546228 0.5225635106166012 39600
1605136568346 0.5228949513401829 39700
1605136590500 0.5238131403802222 39800
1605136612654 0.52530941989641 39900
1605136634767 0.5253476108063962 40000
1605136656862 0.5253746300650286 40100
1605136733762 0.5640299206965872 40200
1605136755928 0.5253350480112684 40300
1605136778093 0.528102376239275 40400
1605136800227 0.5300662943720055 40500
1605136822355 0.5308541847107663 40600
1605136844481 0.5262750364210974 40700
1605136866591 0.5285374791320229 40800
1605136888710 0.5293991507259409 40900
1605136910813 0.5343970393823811 41000
1605136932915 0.531591870237386 41100
1605136955030 0.5304168223766568 41200
1605136977229 0.5292915096752315 41300
1605136999387 0.5322021231108978 41400
1605137021484 0.5337795970637037 41500
1605137043599 0.5372189941579671 41600
1605137065694 0.5383322784532951 41700
1605137087790 0.5377080590416531 41800
1605137109905 0.5381143167590439 41900
1605137132089 0.5380671460180312 42000
1605137154234 0.5383674913026908 42100
1605137176341 0.5370559534477427 42200
1605137198501 0.5375648017522121 42300
1605137220672 0.5362061025870426 42400
1605137242823 0.5356673095599847 42500
1605137264980 0.5356707582704417 42600
1605137287148 0.5346956763931713 42700
1605137309270 0.5349535224672167 42800
1605137331389 0.5350714317402888 42900
1605137353489 0.5354529403293543 43000
1605137375566 0.5359558078998539 43100
1605137397656 0.5353933855716371 43200
1605137419773 0.5353103377281634 43300
1605137441886 0.5354274583681333 43400
1605137464005 0.5353128205589048 43500
1605137541153 0.5484445709720533 43600
1605137563226 0.5415799144203929 43700
1605137585326 0.5493068619584193 43800
1605137607403 0.5379026053161016 43900
1605137629481 0.5433378240063476 44000
1605137651564 0.5457331715874734 44100
1605137673648 0.5487559196884085 44200
1605137695733 0.5515169966956586 44300
1605137717813 0.5524758216022753 44400
1605137739892 0.5541176411550158 44500
1605137761972 0.5521782556587449 44600
1605137784056 0.554863196315111 44700
1605137806126 0.5531341123450471 44800
1605137828204 0.5534937114542938 44900
1605137850280 0.5528529090566028 45000
1605137872391 0.5535301902136174 45100
1605137894512 0.5522478531148902 45200
1605137916594 0.552781476715344 45300
1605137938709 0.5516797331757446 45400
1605137960870 0.5523853304055794 45500
1605137982994 0.552842584583099 45600
1605138005120 0.5521211948541281 45700
1605138027277 0.5521133857684559 45800
1605138049406 0.5528532215786375 45900
1605138071536 0.5525069389316224 46000
1605138093634 0.5516455633849745 46100
1605138115754 0.5512740200268125 46200
1605138137896 0.5510967449690812 46300
1605138159979 0.5503349392376055 46400
1605138182064 0.5493775894962847 46500
1605138204169 0.5497432389306356 46600
1605138226307 0.5501741918832042 46700
1605138248435 0.550620261271167 46800
1605138325568 0.5748355965022631 46900
1605138347732 0.546572209917156 47000
1605138369876 0.5569063622101484 47100
1605138392038 0.5553146804219158 47200
1605138414216 0.5492148740622291 47300
1605138436365 0.545416678657355 47400
1605138458459 0.5468231354194242 47500
1605138480567 0.5445193400552066 47600
1605138502679 0.5469533964239518 47700
1605138524778 0.5457582464068601 47800
1605138546879 0.5522605174489736 47900
1605138568979 0.5509626925946772 48000
1605138591107 0.5506374573755619 48100
1605138613224 0.5505132940039286 48200
1605138635320 0.5504396277041248 48300
1605138657458 0.551689919346256 48400
1605138679622 0.5527043387572188 48500
1605138701763 0.5523085056342297 48600
1605138723902 0.5521338054204978 48700
1605138746062 0.5522810430611734 48800
1605138768262 0.5515181384931208 48900
1605138790402 0.5504867614278013 49000
1605138812521 0.5507139662724535 49100
1605138834665 0.5513826389150558 49200
1605138856801 0.5521725449983836 49300
1605138878907 0.5524293578425948 49400
1605138901012 0.5529386034585173 49500
1605138923108 0.5532955823929285 49600
1605138945223 0.5526128287278571 49700
1605138967358 0.5526146042007583 49800
1605138989496 0.5535718545752064 49900
1605139011644 0.5535494098637047 50000
1605139033765 0.5530771669608233 50100
1605139055890 0.5538975073815019 50200
1605139133144 0.5481597932638524 50300
1605139155253 0.568549970064463 50400
1605139177393 0.5657488998076035 50500
1605139199523 0.5555904394454858 50600
1605139221667 0.5545492186127016 50700
1605139243789 0.5532031475619039 50800
1605139265904 0.553684315566801 50900
1605139288011 0.5547805086231181 51000
1605139310139 0.5555725739119566 51100
1605139332299 0.5555427017635727 51200
1605139354434 0.5578986156092216 51300
1605139376579 0.5563875718662242 51400
1605139398706 0.557278157792179 51500
1605139420815 0.5583469884179306 51600
1605139443007 0.5598089828883177 51700
1605139465161 0.5613010532691622 51800
1605139487309 0.5628916934619537 51900
1605139509457 0.5636739263377943 52000
1605139531606 0.5646093516224305 52100
1605139553747 0.5650440538013779 52200
1605139575917 0.5644706090973055 52300
1605139598008 0.5636177912697324 52400
1605139620112 0.5628170506040772 52500
1605139642221 0.5621737546729805 52600
1605139664331 0.5620535274015814 52700
1605139686416 0.5628969122477947 52800
1605139708504 0.5633656251704535 52900
1605139730590 0.5628096896573621 53000
1605139752678 0.5620532041027089 53100
1605139774764 0.5635483969901178 53200
1605139796854 0.5639398668991062 53300
1605139818938 0.5635354771538746 53400
1605139841032 0.5636844637377293 53500
1605139917764 0.5814245014245014 53600
1605139939852 0.5702146490848577 53700
1605139961915 0.583354527431325 53800
1605139984007 0.5842443515472818 53900
1605140006174 0.5769908395777654 54000
1605140028290 0.5742826336263286 54100
1605140050402 0.5763990072063355 54200
1605140072528 0.5742634354347507 54300
1605140094661 0.5748577677629164 54400
1605140116796 0.57421920979806 54500
1605140138907 0.5734026791397023 54600
1605140161042 0.5720654490572726 54700
1605140183176 0.5737004833023513 54800
1605140205288 0.5721984582622053 54900
1605140227417 0.5742356668239935 55000
1605140249577 0.5738926866506451 55100
1605140271658 0.5731706321607329 55200
1605140293735 0.5727358018125221 55300
1605140315807 0.5737340809424262 55400
1605140337866 0.5716652602578622 55500
1605140359920 0.572607122037046 55600
1605140381978 0.5731530045202172 55700
1605140404055 0.5753458724075734 55800
1605140426175 0.5756479045207001 55900
1605140448267 0.5757409299806073 56000
1605140470364 0.5754570140874724 56100
1605140492467 0.5748610194463831 56200
1605140514575 0.5745108383163264 56300
1605140536710 0.5736732170139647 56400
1605140558900 0.5740640657405647 56500
1605140581025 0.5745102052940351 56600
1605140603107 0.575267488856417 56700
1605140625178 0.5749668198751325 56800
1605140702528 0.16666666666666666 56900
1605140724673 0.5921544921002514 57000
1605140746815 0.5815272687958847 57100
1605140768956 0.5815423566513813 57200
1605140791061 0.5716428203161349 57300
1605140813137 0.5698913472057694 57400
1605140835219 0.568241826508416 57500
1605140857378 0.5681083811928189 57600
1605140879527 0.5674914450041401 57700
1605140901631 0.5682795910598621 57800
1605140923652 0.5696192856859967 57900
1605140945679 0.5730076597484122 58000
1605140967712 0.5721765919206935 58100
1605140989753 0.5736205854203068 58200
1605141011814 0.5736790294646733 58300
1605141033872 0.5738136060279779 58400
1605141055928 0.5747605919781639 58500
1605141078055 0.5743455420062917 58600
1605141100182 0.5759566635763284 58700
1605141122342 0.5747156632063433 58800
1605141144500 0.5749941088925772 58900
1605141166662 0.5744652567945502 59000
1605141188838 0.5746074695427961 59100
1605141210974 0.5749778420420439 59200
1605141233095 0.5755066054235224 59300
1605141255220 0.5753898421897762 59400
1605141277346 0.575659402223782 59500
1605141299441 0.5747665490401656 59600
1605141321590 0.5741643877322586 59700
1605141343737 0.574421201880219 59800
1605141365878 0.5747033092558262 59900
1605141388003 0.5746659794069391 60000
1605141410137 0.5749244068799216 60100
1605141432280 0.5754299995322713 60200
1605141509148 0.5747710495749712 60300
1605141531340 0.5928264592692606 60400
1605141553504 0.590317656329541 60500
1605141575674 0.5925965060681575 60600
1605141597739 0.5857864560922159 60700
1605141619839 0.5901439705012796 60800
1605141641921 0.5865446553215805 60900
1605141663985 0.5840030137142094 61000
1605141686172 0.5858638330254603 61100
1605141708215 0.5875190275113716 61200
1605141730259 0.588195143517357 61300
1605141752316 0.58909935596904 61400
1605141774485 0.5887149222823967 61500
1605141796619 0.58929097408121 61600
1605141818722 0.5891364365121999 61700
1605141840859 0.5900144155097641 61800
1605141863005 0.5907559068305348 61900
1605141885089 0.5901488555649022 62000
1605141907160 0.590923001433907 62100
1605141929223 0.5905343767017336 62200
1605141951287 0.5900990608835935 62300
1605141973394 0.5898577139933303 62400
1605141995502 0.5897334285275176 62500
1605142017582 0.5898082387971879 62600
1605142039635 0.5896862176240332 62700
1605142061677 0.5888966937548544 62800
1605142083711 0.5891744894026815 62900
1605142105762 0.5871712239283065 63000
1605142127806 0.5862420957519768 63100
1605142149837 0.586784437034263 63200
1605142171862 0.5872169940434893 63300
1605142193881 0.5875570845745722 63400
1605142215988 0.5871842630209241 63500
1605142293125 0.4259259259259259 63600
1605142315222 0.6038728306210444 63700
1605142337315 0.603319391284654 63800
1605142359415 0.6101650014284339 63900
1605142381530 0.5979183257716324 64000
1605142403677 0.596465630721809 64100
1605142425828 0.5989091605118008 64200
1605142447969 0.6022450094922502 64300
1605142470109 0.6025026228472836 64400
1605142492245 0.6026399463146573 64500
1605142514423 0.6003580834561885 64600
1605142536545 0.5994558248978571 64700
1605142558672 0.5998491267443031 64800
1605142580785 0.5985758552931747 64900
1605142602904 0.5975644877275292 65000
1605142625027 0.5953098396104936 65100
1605142647154 0.5952814058166228 65200
1605142669264 0.5966071859554138 65300
1605142691383 0.5961664150904818 65400
1605142713500 0.5960834266917071 65500
1605142735608 0.5960001561416918 65600
1605142757735 0.5939754445588334 65700
1605142779877 0.5935951345836264 65800
1605142802012 0.5946782372658868 65900
1605142824144 0.5945376976846016 66000
1605142846280 0.593805993047133 66100
1605142868365 0.5936991113303033 66200
1605142890441 0.5943587043264018 66300
1605142912547 0.59395054171391 66400
1605142934644 0.5931850101916324 66500
1605142956737 0.5922313691718216 66600
1605142978820 0.592799905481635 66700
1605143000942 0.5929975083417226 66800
1605143023025 0.5931560874772898 66900
1605143100227 0.6126704473891174 67000
1605143122300 0.6027560921032654 67100
1605143144432 0.5930772928774576 67200
1605143166572 0.59432247115519 67300
1605143188759 0.5937207522928307 67400
1605143210944 0.5955496114950753 67500
1605143233102 0.5942667299719343 67600
1605143255246 0.5926905610764532 67700
1605143277368 0.5964183867849014 67800
1605143299495 0.5972495826449781 67900
1605143321611 0.5981507042680887 68000
1605143343724 0.5973494119915129 68100
1605143365833 0.5994819331472319 68200
1605143387942 0.5993226596621518 68300
1605143410057 0.6020025344576346 68400
1605143432147 0.6007644831739977 68500
1605143454255 0.6019561831452893 68600
1605143476392 0.6008601166424961 68700
1605143498521 0.601973361009435 68800
1605143520646 0.6025901523734977 68900
1605143542724 0.6027449252629348 69000
1605143564818 0.603161070280066 69100
1605143586968 0.6040149834540087 69200
1605143609111 0.6029584553599655 69300
1605143631283 0.6033597796604332 69400
1605143653445 0.6022902798170964 69500
1605143675600 0.6027813459256758 69600
1605143697761 0.6036298874593797 69700
1605143719927 0.6037592530215766 69800
1605143742088 0.6033720762642746 69900
1605143764219 0.6021569871127694 70000
1605143786341 0.6020079288483332 70100
1605143808446 0.6014281090358959 70200
1605143885560 0.5551851851851852 70300
1605143907729 0.6080160969222737 70400
1605143929752 0.609926227353194 70500
1605143951772 0.6180971838078817 70600
1605143973781 0.6091224972170936 70700
1605143995802 0.6138724409048444 70800
1605144017822 0.6126932666232909 70900
1605144039848 0.6085321698038986 71000
1605144061897 0.6102509948401358 71100
1605144083933 0.6095707021523009 71200
1605144105969 0.6110877990795687 71300
1605144127997 0.6114428812890291 71400
1605144150011 0.6140955095092824 71500
1605144172103 0.6139178599941227 71600
1605144194236 0.6137593127081493 71700
1605144216303 0.6142007593540069 71800
1605144238327 0.6138436665549972 71900
1605144260338 0.612466759424332 72000
1605144282336 0.6117453533719959 72100
1605144304343 0.6112627252383439 72200
1605144326353 0.6101726134313459 72300
1605144348358 0.6092603489294508 72400
1605144370360 0.6091946759703333 72500
1605144392368 0.6081856183262863 72600
1605144414375 0.608672906090316 72700
1605144436400 0.6082728002553625 72800
1605144458401 0.6088983682206333 72900
1605144480412 0.609756742543787 73000
1605144502448 0.609831981696158 73100
1605144524524 0.6105537478142048 73200
1605144546604 0.6108665793183005 73300
1605144568681 0.6111425270536325 73400
1605144590759 0.6100507333873585 73500
1605144612847 0.6094478273881103 73600
1605144690209 0.5974568949568949 73700
1605144712238 0.6072793246152968 73800
1605144734283 0.6150817755530956 73900
1605144756341 0.6098975164685361 74000
1605144778386 0.615601407877808 74100
1605144800419 0.6147358639168911 74200
1605144822464 0.6099456499777315 74300
1605144844491 0.6104719943327874 74400
1605144866521 0.6131174488921138 74500
1605144888602 0.6129552682528743 74600
1605144910683 0.6147808928724372 74700
1605144932740 0.6155243499003119 74800
1605144954792 0.6166375284302257 74900
1605144976842 0.6176562025421185 75000
1605144998891 0.6176236060423955 75100
1605145020942 0.6186884698447982 75200
1605145042994 0.6177915641909365 75300
1605145065051 0.6173631505882236 75400
1605145087092 0.617500254434697 75500
1605145109136 0.6173542895393463 75600
1605145131185 0.6179168892686129 75700
1605145153221 0.6170156961462983 75800
1605145175264 0.6162125042056756 75900
1605145197304 0.6169337311249217 76000
1605145219344 0.6165137808228957 76100
1605145241394 0.6172372372036496 76200
1605145263430 0.6162887611488348 76300
1605145285466 0.6158915556097164 76400
1605145307506 0.6157162090251874 76500
1605145329543 0.6158771108904768 76600
1605145351585 0.6162140825677461 76700
1605145373614 0.6158105129040053 76800
1605145395643 0.6148909026426201 76900
1605145473185 0.6827954144620811 77000
1605145495215 0.6277247305552941 77100
1605145517254 0.6374935780743287 77200
1605145539328 0.6372324260228439 77300
1605145561384 0.6315648154912002 77400
1605145583458 0.6321157896475471 77500
1605145605514 0.6343837289206344 77600
1605145627557 0.6296351127787657 77700
1605145649605 0.6284151315600833 77800
1605145671642 0.6243231815761722 77900
1605145693684 0.624590655284502 78000
1605145715737 0.6238637136260528 78100
1605145737774 0.620953064550545 78200
1605145759816 0.6218764426896202 78300
1605145781867 0.6235268813715622 78400
1605145803915 0.6231772708250637 78500
1605145825960 0.6231436688087472 78600
1605145847993 0.6234077461906681 78700
1605145870029 0.622281837604977 78800
1605145892109 0.6233801813083194 78900
1605145914166 0.6229707933088953 79000
1605145936243 0.6222273263989047 79100
1605145958298 0.6227585444990773 79200
1605145980334 0.623431110533663 79300
1605146002388 0.6242610725593155 79400
1605146024495 0.6245382494554022 79500
1605146046560 0.6240228370791995 79600
1605146068626 0.6240641994151107 79700
1605146090688 0.6232400472187497 79800
1605146112818 0.6224323494508351 79900
1605146134858 0.6221637546779379 80000
1605146156889 0.6209928562362096 80100
1605146178908 0.6207257046930482 80200
1605146200936 0.6211590544894704 80300
1605146278076 0.6380817772578217 80400
1605146300148 0.6388213358461694 80500
1605146322223 0.6312658521653739 80600
1605146344303 0.6260428415238847 80700
1605146366401 0.6271910604777586 80800
1605146388492 0.6253325825406544 80900
1605146410588 0.6236607121516283 81000
1605146432674 0.6266970740915092 81100
1605146454755 0.6238530256805463 81200
1605146476840 0.6250092834056878 81300
1605146498924 0.6254987474024856 81400
1605146521010 0.6235823090701659 81500
1605146543095 0.6250523250390047 81600
1605146565178 0.6236152217988588 81700
1605146587267 0.6232575637869877 81800
1605146609418 0.623537964360979 81900
1605146631557 0.6231104249754846 82000
1605146653659 0.6248305555304446 82100
1605146675757 0.6235532178456643 82200
1605146697854 0.6245355457444368 82300
1605146719973 0.6244092363360865 82400
1605146742076 0.6240619146666716 82500
1605146764216 0.6246142332332224 82600
1605146786345 0.6251464787449367 82700
1605146808461 0.6254241584815504 82800
1605146830541 0.625216213208991 82900
1605146852651 0.6262506442463842 83000
1605146874783 0.6263651776685214 83100
1605146896902 0.6259677309459395 83200
1605146919038 0.6262031296946566 83300
1605146941158 0.6259507137378206 83400
1605146963293 0.6255385785409091 83500
1605146985385 0.626392106651781 83600
1605147062398 0.5872486772486772 83700
1605147084505 0.6498277930969368 83800
1605147106616 0.6399643024146657 83900
1605147128717 0.6424795433383312 84000
1605147150771 0.6405995219222529 84100
1605147172824 0.6350782139055031 84200
1605147194892 0.6362640291111293 84300
1605147216956 0.6386508492428582 84400
1605147239034 0.6425706130348311 84500
1605147261105 0.6407934263956478 84600
1605147283212 0.642239632080141 84700
1605147305314 0.6415808718681509 84800
1605147327418 0.6402627061797327 84900
1605147349541 0.6409934788015653 85000
1605147371621 0.6405401007786379 85100
1605147393689 0.6373324605815094 85200
1605147415751 0.6379608653663039 85300
1605147437811 0.6365584405690407 85400
1605147459854 0.6356531559194541 85500
1605147481910 0.6365487028381637 85600
1605147503952 0.6373856136781649 85700
1605147525993 0.6369183861644593 85800
1605147548043 0.6371573246608007 85900
1605147570095 0.6361691855516705 86000
1605147592144 0.6373148973192007 86100
1605147614234 0.6380130362865215 86200
1605147636334 0.636566898132664 86300
1605147658422 0.63607232437603 86400
1605147680488 0.6352156470555688 86500
1605147702528 0.6348455211149906 86600
1605147724569 0.633752204561761 86700
1605147746633 0.6332186754533968 86800
1605147768677 0.6331656652018981 86900
1605147790786 0.6330141515437165 87000
1605147867726 0.6570023210872884 87100
1605147889819 0.6347335461699164 87200
1605147911908 0.6464480262094635 87300
1605147934010 0.6349424002415618 87400
1605147956103 0.6417564363082439 87500
1605147978186 0.63935510961043 87600
1605148000323 0.6389669218110244 87700
1605148022415 0.6412720459378054 87800
1605148044532 0.6405464071184696 87900
1605148066652 0.6389649265648883 88000
1605148088762 0.6399131877173776 88100
1605148110857 0.6367028218542906 88200
1605148133006 0.6366570328858461 88300
1605148155103 0.6367278963009158 88400
1605148177198 0.6361966744322416 88500
1605148199297 0.6377973924283377 88600
1605148221377 0.6364995637457151 88700
1605148243462 0.636173602667298 88800
1605148265553 0.6361822599681151 88900
1605148287645 0.6364119448465323 89000
1605148309720 0.6374975714897199 89100
1605148331812 0.6371174635701721 89200
1605148353946 0.6370851874715547 89300
1605148376057 0.6375075148668535 89400
1605148398177 0.6377483168389857 89500
1605148420256 0.6368622361944359 89600
1605148442337 0.6358723988422081 89700
1605148464421 0.6352369557317014 89800
1605148486498 0.6356424374160846 89900
1605148508605 0.6352858201059328 90000
1605148530743 0.6350371169897504 90100
1605148552905 0.6349941094431816 90200
1605148575026 0.6350729609317491 90300
1605148652310 0.6888980155646823 90400
1605148674443 0.6425527297000566 90500
1605148696538 0.6268344222202041 90600
1605148718660 0.6356770408168583 90700
1605148740811 0.6396446843213848 90800
1605148763040 0.6385978914859427 90900
1605148785242 0.6397736981696913 91000
1605148807421 0.6406841163986191 91100
1605148829624 0.6431782544928188 91200
1605148851796 0.6408396567075891 91300
1605148873936 0.6399125991862448 91400
1605148896101 0.6418377580177719 91500
1605148918272 0.6415220632311508 91600
1605148940421 0.6403417836805099 91700
1605148962521 0.6395586911156214 91800
1605148984698 0.6396720117905523 91900
1605149006883 0.6394872819496777 92000
1605149029059 0.639047222432719 92100
1605149051236 0.6400473045926951 92200
1605149073389 0.6404320143886453 92300
1605149095540 0.6416024313672061 92400
1605149117714 0.641169669542386 92500
1605149139912 0.6415357526890353 92600
1605149162077 0.6417727283289368 92700
1605149184225 0.6411514625286254 92800
1605149206373 0.6402632845843067 92900
1605149228513 0.6399412535396485 93000
1605149250657 0.640288181821995 93100
1605149272806 0.6402850297967144 93200
1605149294947 0.6403960662913787 93300
1605149317097 0.6400824107518125 93400
1605149339252 0.6401348637823424 93500
1605149361381 0.6399653165675662 93600
1605149383520 0.6393546727258369 93700
1605149460974 0.6734375154331108 93800
1605149483067 0.6518110892087658 93900
1605149505153 0.6488386152468635 94000
1605149527262 0.6464908946331348 94100
1605149549396 0.6411788663651875 94200
1605149571565 0.640250469497293 94300
1605149593734 0.6410820608689961 94400
1605149615849 0.6429535552338046 94500
1605149637984 0.6428348913427042 94600
1605149660104 0.6431503195043802 94700
1605149682232 0.646215918658901 94800
1605149704349 0.6478168477752275 94900
1605149726475 0.6473803580895987 95000
1605149748627 0.6480144327186822 95100
1605149770793 0.6491119525312156 95200
1605149792897 0.6493875282949259 95300
1605149815009 0.6477822405118289 95400
1605149837129 0.6497750211745679 95500
1605149859277 0.6483172663460708 95600
1605149881421 0.647444903454894 95700
1605149903525 0.6469363790214102 95800
1605149925628 0.6461275180073478 95900
1605149947733 0.6463124365540871 96000
1605149969845 0.6473316196809553 96100
1605149991970 0.6482475164880102 96200
1605150014131 0.6482772443505679 96300
1605150036300 0.6485309308517418 96400
1605150058420 0.6480967470651985 96500
1605150080579 0.648652757089278 96600
1605150102724 0.6487235504801045 96700
1605150124851 0.648217158126417 96800
1605150146986 0.648709494284839 96900
1605150169126 0.6487654182859017 97000
1605150246600 0.6705379188712522 97100
1605150268759 0.6862748882987885 97200
1605150290831 0.6769871742659105 97300
1605150312905 0.6686383632623206 97400
1605150334976 0.6641366933956192 97500
1605150357043 0.6595818756911395 97600
1605150379212 0.6614904689118964 97700
1605150401268 0.6577492483856393 97800
1605150423344 0.6557746292046917 97900
1605150445418 0.656518305323663 98000
1605150467483 0.6578767733572499 98100
1605150489554 0.6571682964067294 98200
1605150511632 0.6568240006232073 98300
1605150533719 0.6554529562885517 98400
1605150555838 0.6539012546884853 98500
1605150577935 0.652765688478106 98600
1605150599993 0.6529782966607635 98700
1605150622053 0.6523029662496442 98800
1605150644113 0.6506232140633558 98900
1605150666176 0.6512537415941823 99000
1605150688236 0.6516051825796729 99100
1605150710300 0.6514832791744402 99200
1605150732361 0.6515216677808682 99300
1605150754437 0.6515313766427693 99400
1605150776496 0.6512774328899289 99500
1605150798546 0.6512317596348842 99600
1605150820607 0.6502132530427941 99700
1605150842669 0.649449017340859 99800
1605150864741 0.6493140014531892 99900
1605150886819 0.64924230648809 100000
1605150908871 0.6492329074773296 100100
1605150930934 0.6503966632976326 100200
1605150952986 0.649558420565483 100300
1605150975052 0.6498468133994248 100400
1605151052273 0.6645766715822577 100500
1605151074371 0.6730418887026883 100600
1605151096508 0.652538529583359 100700
1605151118654 0.6545822472545132 100800
1605151140835 0.654421228813571 100900
1605151162986 0.6553282312185227 101000
1605151185141 0.659627058233018 101100
1605151207282 0.6567502051491416 101200
1605151229462 0.6557340116423068 101300
1605151251587 0.6568013448091895 101400
1605151273703 0.6583219911664057 101500
1605151295803 0.6578946175228502 101600
1605151317908 0.6564265799354779 101700
1605151340012 0.6575558752088331 101800
1605151362121 0.6562264138363372 101900
1605151384247 0.6573445064249973 102000
1605151406364 0.657613550687394 102100
1605151428491 0.6576574022360184 102200
1605151450619 0.6573448687210873 102300
1605151472747 0.6572706660832089 102400
1605151494894 0.6558742637036941 102500
1605151517053 0.6548787909389346 102600
1605151539206 0.6535392643444965 102700
1605151561361 0.6535844746225514 102800
1605151583501 0.6546314110276145 102900
1605151605591 0.6540778946300942 103000
1605151627684 0.6539687981065679 103100
1605151649773 0.6538292083231387 103200
1605151671879 0.6547355827643883 103300
1605151694017 0.6535226369593856 103400
1605151716157 0.6539471538679816 103500
1605151738279 0.653814574644356 103600
1605151760384 0.6545490202068172 103700
1605151836502 0.6856672630202042 103800
1605151858692 0.6626426892549696 103900
1605151880845 0.6696539448898065 104000
1605151902949 0.673676585673774 104100
1605151925044 0.6676916682115919 104200
1605151947123 0.6673370916122436 104300
1605151969207 0.6686876028718041 104400
1605151991292 0.6662721703942002 104500
1605152013401 0.6635861019699939 104600
1605152035514 0.6667093233045981 104700
1605152057608 0.6676809689928763 104800
1605152079710 0.6665949695228709 104900
1605152101838 0.6646069626359631 105000
1605152123936 0.6651970405671297 105100
1605152146029 0.6653746005459876 105200
1605152168156 0.6648539617376255 105300
1605152190289 0.6649946717371654 105400
1605152212417 0.6647758163951918 105500
1605152234555 0.6641459476875518 105600
1605152256704 0.6639374778891184 105700
1605152278811 0.6638272244619607 105800
1605152300966 0.6630183174515696 105900
1605152323114 0.6633145551697986 106000
1605152345195 0.6616365167415583 106100
1605152367272 0.6613170264181982 106200
1605152389376 0.6616690193226724 106300
1605152411475 0.6618180404976618 106400
1605152433613 0.6617179817111717 106500
1605152455731 0.6624562553422194 106600
1605152477859 0.6619817030760703 106700
1605152499978 0.6620019106704078 106800
1605152522051 0.661516379368591 106900
1605152544131 0.6619926223547287 107000
1605152566232 0.6623536635783688 107100
1605152642201 0.6723460666218161 107200
1605152664388 0.6653439110630182 107300
1605152686572 0.6639214353605443 107400
1605152708751 0.658813923267208 107500
1605152730891 0.6585630354871974 107600
1605152753043 0.6596156857422864 107700
1605152775190 0.6581747539705335 107800
1605152797348 0.6564466490256523 107900
1605152819492 0.6574234807092489 108000
1605152841603 0.658185199918224 108100
1605152863720 0.6580638942388543 108200
1605152885822 0.6565084927892257 108300
1605152907938 0.6580197875895769 108400
1605152930057 0.656299143067952 108500
1605152952178 0.6572772357007485 108600
1605152974299 0.6595418028610723 108700
1605152996415 0.6608729312587411 108800
1605153018571 0.662377159911777 108900
1605153040689 0.6624916855108854 109000
1605153062817 0.662355490166585 109100
1605153084969 0.663083584095426 109200
1605153107111 0.6632594023272098 109300
1605153129265 0.6639545540198993 109400
1605153151439 0.6651331721354072 109500
1605153173544 0.6656776880562021 109600
1605153195652 0.666241776532381 109700
1605153217826 0.6655927301316736 109800
1605153239912 0.666092812850468 109900
1605153261994 0.6655520224552296 110000
1605153284083 0.665346422551043 110100
1605153306249 0.6648261801840206 110200
1605153328394 0.665512674239031 110300
1605153350495 0.6650339824207822 110400
1605153426505 0.6849720537078638 110500
1605153448652 0.675220641259329 110600
1605153470785 0.6815491605905019 110700
1605153492905 0.6750000927302083 110800
1605153515072 0.6719079859818713 110900
1605153537237 0.672014760024426 111000
1605153559368 0.668981716746724 111100
1605153581530 0.6668037452545407 111200
1605153603663 0.6686679592927448 111300
1605153625814 0.6698157459485989 111400
1605153647942 0.6696574011205856 111500
1605153670089 0.6717162906643318 111600
1605153692236 0.6700299847265093 111700
1605153714312 0.6701967924592187 111800
1605153736385 0.6701052723668953 111900
1605153758451 0.6676047575672073 112000
1605153780503 0.6662716466210536 112100
1605153802533 0.6661738867206864 112200
1605153824570 0.66758907897886 112300
1605153846625 0.6676655704677004 112400
1605153868693 0.6688704661114574 112500
1605153890776 0.6680197479833675 112600
1605153912976 0.6678124767790535 112700
1605153935077 0.6680289159370072 112800
1605153957193 0.6670992218820551 112900
1605153979290 0.6661522856422136 113000
1605154001396 0.6652859951922542 113100
1605154023527 0.6655731087581455 113200
1605154045645 0.6653346448977264 113300
1605154067764 0.6660983685639335 113400
1605154089927 0.6668806190685549 113500
1605154112044 0.6662824225274777 113600
1605154134185 0.6668454286089849 113700
1605154210612 0.3111111111111111 113800
1605154232715 0.6923628168450587 113900
1605154254799 0.6790323989266867 114000
1605154276892 0.6673569136098005 114100
1605154298988 0.6702515595459805 114200
1605154321112 0.6726744495458273 114300
1605154343261 0.6723532301308122 114400
1605154365434 0.6754557718122397 114500
1605154387560 0.6769110282027706 114600
1605154409673 0.6762838374681612 114700
1605154431838 0.6754509482891123 114800
1605154454013 0.6735642824640625 114900
1605154476148 0.6744257248038292 115000
1605154498241 0.6737570175029457 115100
1605154520345 0.6732333906738918 115200
1605154542487 0.6716694502723614 115300
1605154564596 0.6715126338377512 115400
1605154586691 0.6703047734435337 115500
1605154608818 0.6708945761671733 115600
1605154630930 0.6707554609488313 115700
1605154653080 0.6708325509405475 115800
1605154675237 0.6708568705695568 115900
1605154697365 0.6702894510570873 116000
1605154719505 0.6702778101481238 116100
1605154741645 0.6696217801063784 116200
1605154763822 0.6699159146681869 116300
1605154785973 0.6693327272208074 116400
1605154808140 0.6690888146834479 116500
1605154830253 0.6687027684348232 116600
1605154852300 0.669490240790904 116700
1605154874357 0.6695716265908134 116800
1605154896403 0.66992851775885 116900
1605154918444 0.6696865623061183 117000
1605154940505 0.6698070193935425 117100
1605155016481 0.6832290929839949 117200
1605155038669 0.6838269072891856 117300
1605155060848 0.6834456531536488 117400
1605155082995 0.6778428889242031 117500
1605155105132 0.6737725671024678 117600
1605155127254 0.6692458503312684 117700
1605155149373 0.6738794054611814 117800
1605155171500 0.6759555612935335 117900
1605155193629 0.6736880091684332 118000
1605155215757 0.6722750236663265 118100
1605155237888 0.6725831745414096 118200
1605155260034 0.6735638067837711 118300
1605155282190 0.6727833749911692 118400
1605155304341 0.6713106945188422 118500
1605155326485 0.6716822244282591 118600
1605155348635 0.6710462255791854 118700
1605155370784 0.6717678494459425 118800
1605155392934 0.6723633722476383 118900
1605155415088 0.6717023683434584 119000
1605155437241 0.6728224656516295 119100
1605155459361 0.671366946488948 119200
1605155481490 0.6717295905341032 119300
1605155503624 0.6718984689377007 119400
1605155525760 0.6714711727798631 119500
1605155547942 0.6711149293277232 119600
1605155570114 0.6710017115675232 119700
1605155592252 0.6712220092661038 119800
1605155614373 0.6706624271429533 119900
1605155636517 0.6705443386229936 120000
1605155658645 0.6708363803312737 120100
1605155680784 0.6711145457657954 120200
1605155702923 0.6710838621446038 120300
1605155725029 0.6717304959565851 120400
1605155801203 0.5881481481481481 120500
1605155823365 0.7021597310914616 120600
1605155845447 0.6932701689783735 120700
1605155867519 0.6872685155221153 120800
1605155889574 0.6808589103028987 120900
1605155911636 0.6757934637477983 121000
1605155933752 0.6740220085637473 121100
1605155955880 0.6754543420509608 121200
1605155977984 0.6745748986080846 121300
1605156000066 0.672337583299529 121400
1605156022096 0.6722821301670909 121500
1605156044148 0.6737171657534425 121600
1605156066230 0.6742470960451763 121700
1605156088323 0.6747557172209694 121800
1605156110387 0.6767140799372237 121900
1605156132445 0.6769448959561535 122000
1605156154506 0.6786355926662982 122100
1605156176564 0.6789155795683238 122200
1605156198627 0.6777902904854471 122300
1605156220706 0.6762361817213807 122400
1605156242755 0.673939482802148 122500
1605156264863 0.672848222454978 122600
1605156286935 0.6738768339132498 122700
1605156308979 0.6756114911032302 122800
1605156331015 0.674996320060849 122900
1605156353055 0.6758181794768061 123000
1605156375103 0.6755979953417486 123100
1605156397143 0.6757584181969765 123200
1605156419182 0.6746939226823644 123300
1605156441239 0.6753099299272777 123400
1605156463280 0.674902429458571 123500
1605156485331 0.6752024976283872 123600
1605156507388 0.6745934910156509 123700
1605156529464 0.6738516460288608 123800
1605156605423 0.6956890041693964 123900
1605156627609 0.670686774694466 124000
1605156649800 0.666880090696981 124100
1605156671978 0.6669073092860305 124200
1605156694082 0.6692588663247188 124300
1605156716189 0.6756475377308091 124400
1605156738295 0.6846971325727812 124500
1605156760465 0.6835245225875634 124600
1605156782619 0.683907322280478 124700
1605156804747 0.6833095348326519 124800
1605156826885 0.685201945966324 124900
1605156849032 0.6848759759222052 125000
1605156871213 0.6837570927276704 125100
1605156893338 0.6834330420993597 125200
1605156915444 0.6840170428176531 125300
1605156937574 0.6831392535846058 125400
1605156959735 0.6834290817453532 125500
1605156981872 0.6826325872213179 125600
1605157004005 0.6827847524157884 125700
1605157026127 0.6834065135742313 125800
1605157048248 0.6832209475281735 125900
1605157070357 0.684050680046879 126000
1605157092506 0.6833116716322054 126100
1605157114704 0.682407712102418 126200
1605157136896 0.6823311352560925 126300
1605157159076 0.6825359848139404 126400
1605157181271 0.6828655153053179 126500
1605157203472 0.6827620091804449 126600
1605157225656 0.6825283306409271 126700
1605157247779 0.6824613646688161 126800
1605157269888 0.6823072235453291 126900
1605157291985 0.6823454761424564 127000
1605157314092 0.6823350339209936 127100
1605157390197 0.5722222222222222 127200
1605157412304 0.6723793297193167 127300
1605157434365 0.6880108392285151 127400
1605157456437 0.6944259319434629 127500
1605157478570 0.693703975508841 127600
1605157500633 0.6975100163075432 127700
1605157522706 0.6947853760312815 127800
1605157544791 0.693899149043391 127900
1605157566852 0.6895944544900434 128000
1605157588927 0.6874897319246814 128100
1605157611019 0.6897583402147349 128200
1605157633108 0.689205896961575 128300
1605157655180 0.6881143576078705 128400
1605157677272 0.6880532505047133 128500
1605157699364 0.6858921775652438 128600
1605157721473 0.6864373921391496 128700
1605157743527 0.6859758046774141 128800
1605157765583 0.6846840811040009 128900
1605157787635 0.684836615149259 129000
1605157809694 0.6855793058901954 129100
1605157831752 0.686001333907224 129200
1605157853813 0.6861674635765731 129300
1605157875869 0.6871722486752452 129400
1605157897923 0.6859040046051688 129500
1605157919979 0.6852748090239813 129600
1605157942074 0.6842702538597059 129700
1605157964165 0.6837632661253532 129800
1605157986258 0.6844668058116375 129900
1605158008350 0.6844176239393689 130000
1605158030435 0.6847579553022121 130100
1605158052543 0.683850740475457 130200
1605158074659 0.68384271412049 130300
1605158096769 0.6844121737429045 130400
1605158118873 0.6842440321160039 130500
1605158195121 0.7101347058132405 130600
1605158217307 0.7207100293705491 130700
1605158239463 0.7058165025243173 130800
1605158261600 0.6989802429078441 130900
1605158283732 0.6958297058462853 131000
1605158305871 0.6944451405939454 131100
1605158328015 0.6946140789769794 131200
1605158350184 0.6930744958131864 131300
1605158372337 0.6935448353944468 131400
1605158394498 0.6942732228905769 131500
1605158416749 0.6939694779414873 131600
1605158438915 0.6953587482149024 131700
1605158461062 0.6958640178624387 131800
1605158483217 0.6958601198000343 131900
1605158505379 0.6943849938996632 132000
1605158527530 0.6936901615986005 132100
1605158549688 0.6931243513749502 132200
1605158571833 0.6920423507870066 132300
1605158593983 0.6924696688773693 132400
1605158616149 0.6919067635515469 132500
1605158638342 0.6916453580401182 132600
1605158660533 0.6921672312730558 132700
1605158682713 0.6910511016315668 132800
1605158704874 0.6905335952933201 132900
1605158727272 0.6889594221259949 133000
1605158751355 0.6891921106189038 133100
1605158773740 0.6886159066985602 133200
1605158795819 0.6887083620667912 133300
1605158817821 0.6874537174473377 133400
1605158839828 0.687522416422216 133500
1605158861885 0.6868123453949058 133600
1605158883944 0.6871441452892754 133700
1605158906154 0.6869243242595864 133800
1605158982314 0.6641606541606542 133900
1605159004454 0.69797013261624 134000
1605159026506 0.6992603533205204 134100
1605159048579 0.6970564047839575 134200
1605159070695 0.7010386995242338 134300
1605159092825 0.6980765607414208 134400
1605159114955 0.7008134301478156 134500
1605159137154 0.6989499241294089 134600
1605159159309 0.700007872015154 134700
1605159181428 0.6947806912748337 134800
1605159203567 0.6942644203625181 134900
1605159225706 0.6943763852959345 135000
1605159247804 0.6930609533928183 135100
1605159269919 0.6903347995202207 135200
1605159292041 0.688213906521984 135300
1605159314156 0.688194548949308 135400
1605159336253 0.6898851751540157 135500
1605159358380 0.6885919947991566 135600
1605159380516 0.6884742075963868 135700
1605159402648 0.6895209570579711 135800
1605159424781 0.6892290243400723 135900
1605159446925 0.6882063818965674 136000
1605159469060 0.6892135018532849 136100
1605159491203 0.6894171944160392 136200
1605159513374 0.6892888926735863 136300
1605159535532 0.689028393141202 136400
1605159557645 0.6884539725917852 136500
1605159579744 0.6879810623669471 136600
1605159601860 0.688968976229363 136700
1605159623989 0.6891250787193022 136800
1605159646124 0.6896622244875212 136900
1605159668261 0.689226272974913 137000
1605159690380 0.6899688799172685 137100
1605159712483 0.690916704314973 137200
1605159788494 0.6740839302500811 137300
1605159810556 0.6766134873134863 137400
1605159832618 0.6754042055868387 137500
1605159854688 0.6826025489027044 137600
1605159876753 0.6826049320315554 137700
1605159898817 0.6815438720576077 137800
1605159920876 0.6836273081297163 137900
1605159942936 0.6871956120977848 138000
1605159965005 0.6895986678387517 138100
1605159987082 0.6900180150605042 138200
1605160009188 0.6930723053481305 138300
1605160031319 0.6949418530358178 138400
1605160053463 0.6958999445155383 138500
1605160075583 0.6946504867142079 138600
1605160097727 0.6963226021795929 138700
1605160119886 0.6965344375455137 138800
1605160142049 0.6968480036726737 138900
1605160164198 0.6956511613923767 139000
1605160186412 0.6944041736750284 139100
1605160208604 0.6948665825984884 139200
1605160230777 0.6957902310423715 139300
1605160252933 0.6947670159445966 139400
1605160275073 0.6946682573298139 139500
1605160297229 0.694465952313634 139600
1605160319398 0.6949301066492224 139700
1605160341592 0.694622735827335 139800
1605160363690 0.6948376462202358 139900
1605160385816 0.6947281383904874 140000
1605160407910 0.6955258314080256 140100
1605160430020 0.6960415309273574 140200
1605160452176 0.6960244584789351 140300
1605160474250 0.6960677504476044 140400
1605160496320 0.6959900707678013 140500
1605160572497 0.7069793169793169 140600
1605160594700 0.7171786548953136 140700
1605160616833 0.7158964172908576 140800
1605160638944 0.7160829201315421 140900
1605160661055 0.7158774577066579 141000
1605160683174 0.7187389545107292 141100
1605160705309 0.7151924191209471 141200
1605160727482 0.714287936976217 141300
1605160749639 0.7125565787596467 141400
1605160771809 0.7128520591447067 141500
1605160793960 0.7112352626929574 141600
1605160816089 0.7082608923026024 141700
1605160838219 0.7081640875901086 141800
1605160860322 0.7065598831772834 141900
1605160882423 0.7046949493121805 142000
1605160904596 0.7033068796715305 142100
1605160926735 0.7021942793377772 142200
1605160948846 0.7002215643955672 142300
1605160970976 0.6991839951079009 142400
1605160993115 0.6990172046270938 142500
1605161015219 0.6983941628677593 142600
1605161037371 0.697871006520779 142700
1605161059504 0.6978208306565722 142800
1605161081619 0.69828155293287 142900
1605161103729 0.6982702036602133 143000
1605161125835 0.6974291113319373 143100
1605161147944 0.6961371365692243 143200
1605161170075 0.6965790873523636 143300
1605161192256 0.6969452713771199 143400
1605161214402 0.6966285424839727 143500
1605161236555 0.6964264875843481 143600
1605161258742 0.6958861080632944 143700
1605161280913 0.695377198172623 143800
1605161303072 0.6955981165591741 143900
1605161379246 0.6997317497317498 144000
1605161401360 0.6914648682056964 144100
1605161423477 0.6962660967305234 144200
1605161445702 0.7042889635455863 144300
1605161467858 0.6983534738389349 144400
1605161489961 0.7012943033167808 144500
1605161512052 0.7000048453681895 144600
1605161534144 0.6973474844447057 144700
1605161556224 0.6990473329340301 144800
1605161578453 0.7007084724376743 144900
1605161600644 0.7012423870523755 145000
1605161622844 0.7035072818295732 145100
1605161644996 0.7026864464496246 145200
1605161667067 0.7037681731896563 145300
1605161689136 0.7024622796949584 145400
1605161711219 0.7019957753338665 145500
1605161733312 0.7029479481865424 145600
1605161755399 0.7035297751470385 145700
1605161777558 0.7037317887335971 145800
1605161799747 0.702029658167531 145900
1605161821881 0.7024917486081965 146000
1605161844060 0.7032409182930073 146100
1605161866188 0.7022767939159137 146200
1605161888316 0.7019578900473777 146300
1605161910416 0.7025783762349335 146400
1605161932517 0.702366619634592 146500
1605161954712 0.7015214589104579 146600
1605161976935 0.7004292326741367 146700
1605161999066 0.7007485413749497 146800
1605162021159 0.7002056324926476 146900
1605162043271 0.7004103968958857 147000
1605162065372 0.7006940910255731 147100
1605162087458 0.7005839006429079 147200
1605162163627 0.6328523328523329 147300
1605162185803 0.7015173431687574 147400
1605162207990 0.699520654199833 147500
1605162230168 0.6977338603368373 147600
1605162252318 0.700698404276861 147700
1605162274514 0.7033719300428832 147800
1605162296648 0.7048405063281435 147900
1605162318783 0.7029729839522129 148000
1605162340911 0.7007363617538817 148100
1605162363032 0.7008946551254733 148200
1605162385155 0.7026329298939656 148300
1605162407282 0.7013780834271311 148400
1605162429390 0.7027068106852524 148500
1605162451524 0.7026588815183942 148600
1605162473641 0.703399178391112 148700
1605162495759 0.7036861956593541 148800
1605162517894 0.7041043202290044 148900
1605162540020 0.7052524000128159 149000
1605162562220 0.7050902032154327 149100
1605162584403 0.7055679352091373 149200
1605162606549 0.7054414133255138 149300
1605162628716 0.7051277811449794 149400
1605162650891 0.7050165468133262 149500
1605162673030 0.7043064225311585 149600
1605162695156 0.7045870292094772 149700
1605162717288 0.7049390472322677 149800
1605162739426 0.7050053941703021 149900
1605162761614 0.7044084599867935 150000
1605162783789 0.7049181007638404 150100
1605162805965 0.7048730929934338 150200
1605162828113 0.7056743607188092 150300
1605162850227 0.7054261911165142 150400
1605162872334 0.7052523015036252 150500
1605162894433 0.7055624288244572 150600
1605162970740 0.7238815673299676 150700
1605162992876 0.7180764215613702 150800
1605163015009 0.7161699998909724 150900
1605163037112 0.7130859874881348 151000
1605163059219 0.7117816515637172 151100
1605163081341 0.7126570652566591 151200
1605163103582 0.7109455590048599 151300
1605163125824 0.710632921385705 151400
1605163147992 0.7102875183098156 151500
1605163170163 0.7102878271621876 151600
1605163192267 0.7122820332909444 151700
1605163214345 0.7121512282800732 151800
1605163236415 0.7127076459872517 151900
1605163258520 0.710038697318594 152000
1605163280712 0.7105820919407931 152100
1605163302841 0.7096834189179813 152200
1605163324948 0.709385836512513 152300
1605163347061 0.7085468642505357 152400
1605163369174 0.7084827498266689 152500
1605163391312 0.708275748974762 152600
1605163413554 0.7073268078715648 152700
1605163435805 0.7081315262809138 152800
1605163458046 0.7083390712233562 152900
1605163480235 0.7082591268862471 153000
1605163502347 0.7083911958298178 153100
1605163524429 0.709226146881291 153200
1605163546519 0.7095968813546666 153300
1605163568612 0.7099227546198301 153400
1605163590715 0.7097915215623082 153500
1605163612829 0.7086383113559023 153600
1605163635012 0.7082049617548178 153700
1605163657222 0.707164493674368 153800
1605163679427 0.7077910807535635 153900
1605163755832 0.7550248516915183 154000
1605163778014 0.7381631975894571 154100
1605163800192 0.7268474306115651 154200
1605163822368 0.7226923440221783 154300
1605163844544 0.7191670235711519 154400
1605163866697 0.7181403075543904 154500
1605163888836 0.7149120832305024 154600
1605163911030 0.7188018026467917 154700
1605163933230 0.7196552698341555 154800
1605163955395 0.7197845949294185 154900
1605163977568 0.7155759039252991 155000
1605163999784 0.7185659937965877 155100
1605164021996 0.717256167095682 155200
1605164044167 0.7149525035277372 155300
1605164066339 0.7134235530623104 155400
1605164088510 0.7119311901441446 155500
1605164110653 0.7110364769455435 155600
1605164132806 0.7121885119244428 155700
1605164154957 0.7116394224082012 155800
1605164177111 0.7110664574543407 155900
1605164199262 0.7106646817097709 156000
1605164221422 0.7095841477106216 156100
1605164243604 0.7092152150196611 156200
1605164265767 0.7095841585992996 156300
1605164287930 0.7092666010750357 156400
1605164310133 0.7097174981173953 156500
1605164332306 0.7092096697323556 156600
1605164354461 0.7084629723271758 156700
1605164376613 0.7083538053523032 156800
1605164398783 0.707943716388549 156900
1605164420985 0.7081806776730895 157000
1605164443159 0.7086538132413053 157100
1605164465352 0.7090779779010663 157200
1605164487557 0.7095511078845856 157300
1605164563877 0.7094732818278608 157400
1605164585986 0.7097331908580791 157500
1605164608119 0.7128792946510717 157600
1605164630158 0.7164401728476226 157700
1605164652220 0.7160836014811215 157800
1605164674275 0.7179119219809749 157900
1605164696327 0.7160782698645112 158000
1605164718391 0.7193599771170619 158100
1605164740427 0.7175091759368534 158200
1605164762486 0.7190716220274046 158300
1605164784523 0.7165674154999626 158400
1605164806571 0.7160425979149663 158500
1605164828601 0.7160253571851927 158600
1605164850618 0.7153751680192405 158700
1605164872626 0.7156460815525446 158800
1605164894632 0.714269168890354 158900
1605164916629 0.713215998120132 159000
1605164938625 0.7139174529529279 159100
1605164960634 0.7139381951216093 159200
1605164982631 0.7137534150068703 159300
1605165004638 0.7155503762391081 159400
1605165026635 0.7139948246142825 159500
1605165048622 0.713787941332763 159600
1605165070634 0.7124412993481433 159700
1605165092686 0.7127293277695843 159800
1605165114680 0.7126180197026297 159900
1605165136670 0.7135881852145216 160000
1605165158661 0.712852388430907 160100
1605165180653 0.7123983527711202 160200
1605165202654 0.711966751601611 160300
1605165224654 0.711245174914083 160400
1605165246650 0.7115189201201769 160500
1605165268716 0.7118552760667722 160600
1605165344995 0.7499793416460082 160700
1605165367192 0.7208086759472768 160800
1605165389348 0.717751274624831 160900
1605165411516 0.7224538765549533 161000
1605165433741 0.7196877585207896 161100
1605165455950 0.7160318786685638 161200
1605165478155 0.7161117867599697 161300
1605165500373 0.717438494495856 161400
1605165522580 0.7163397388595415 161500
1605165544780 0.7168474089709191 161600
1605165566993 0.7167234013037921 161700
1605165589195 0.7165321156981261 161800
1605165611403 0.7166292544307982 161900
1605165633626 0.7160983988532703 162000
1605165655847 0.7159563293217069 162100
1605165678082 0.7168779825875837 162200
1605165700294 0.7158831572583492 162300
1605165722478 0.7143223816176956 162400
1605165744681 0.7149447502081053 162500
1605165766860 0.7156029747537949 162600
1605165789079 0.71606535425163 162700
1605165811289 0.7145118224761566 162800
1605165833504 0.7142483654834946 162900
1605165855658 0.7130731623127434 163000
1605165877823 0.7117433388886711 163100
1605165899965 0.7111487295172245 163200
1605165922100 0.7103066711479014 163300
1605165944274 0.7111007960000465 163400
1605165966535 0.7120251566370215 163500
1605165988732 0.7115703337344786 163600
1605166010845 0.7119235526020862 163700
1605166032989 0.7121197015213461 163800
1605166055162 0.7121553657612204 163900
1605166077328 0.712296999341037 164000
1605166153426 0.6881719343682596 164100
1605166175569 0.7032412174714521 164200
1605166197757 0.7008747248636407 164300
1605166219950 0.7119825649410244 164400
1605166242095 0.7124926372680905 164500
1605166264253 0.715346177454328 164600
1605166286410 0.7173708093960166 164700
1605166308605 0.7199674925814841 164800
1605166330745 0.7209565953726759 164900
1605166352888 0.7218763044099344 165000
1605166375051 0.7227251868756818 165100
1605166397206 0.7208022300541838 165200
1605166419332 0.719608253596519 165300
1605166441473 0.7184704575238445 165400
1605166463582 0.7201541568346577 165500
1605166485653 0.7190336543039868 165600
1605166507724 0.7170777136588669 165700
1605166529867 0.7169514041081109 165800
1605166551974 0.7168691936409524 165900
1605166574061 0.7180232367067507 166000
1605166596157 0.7174743088431811 166100
1605166618276 0.716656299861153 166200
1605166640383 0.7182007510762227 166300
1605166662489 0.7184588317376573 166400
1605166684580 0.7180918934897234 166500
1605166706652 0.7185143071364458 166600
1605166728722 0.7189461168326153 166700
1605166750801 0.7167280694241887 166800
1605166772873 0.7165936506157243 166900
1605166794947 0.7172642331394802 167000
1605166817017 0.7165327767700908 167100
1605166839091 0.7168247785425649 167200
1605166861165 0.7164322136438348 167300
